1305031526.671473 0.000000 0.000000 0.000000 0.000000 0.000000 0.000000 1.000000
1305031526.707547 30.813476 13.168780 -9.779019 0.014173 0.010094 0.003765 0.999842
1305031526.771481 30.813476 13.168780 -9.779019 0.014173 0.010094 0.003765 0.999842
1305031526.807455 30.813476 13.168780 -9.779019 0.014173 0.010094 0.003765 0.999842
1305031526.871446 30.813476 13.168780 -9.779019 0.014173 0.010094 0.003765 0.999842
1305031526.907484 39.143191 -20.579564 -93.531481 0.032787 0.020687 0.000773 0.999248
1305031526.939618 -41.517462 -4.856376 -152.241503 0.051194 0.035640 -0.003422 0.998047
1305031526.971510 -81.241855 -39.174260 -229.360491 0.068549 0.046427 -0.004024 0.996559
1305031527.007595 -7.066777 -0.156422 -219.063178 0.084218 0.047101 -0.005883 0.995316
1305031527.039512 19.141225 -47.054564 -284.939137 0.096037 0.051203 -0.005720 0.994043
1305031527.071487 53.470036 -270.304525 -280.617073 0.097095 0.055590 -0.002155 0.993719
1305031527.107498 53.470036 -270.304525 -280.617073 0.097095 0.055590 -0.002155 0.993719
1305031527.139473 216.732808 -293.511975 -206.205492 0.107154 0.051492 -0.002434 0.992905
1305031527.171540 216.732808 -293.511975 -206.205492 0.107154 0.051492 -0.002434 0.992905
1305031527.207588 122.989458 -343.820384 -329.512879 0.101027 0.060938 -0.001241 0.993015
1305031527.271501 122.989458 -343.820384 -329.512879 0.101027 0.060938 -0.001241 0.993015
1305031527.307472 122.989458 -343.820384 -329.512879 0.101027 0.060938 -0.001241 0.993015
1305031527.339636 122.989458 -343.820384 -329.512879 0.101027 0.060938 -0.001241 0.993015
1305031527.371505 122.989458 -343.820384 -329.512879 0.101027 0.060938 -0.001241 0.993015
1305031527.407412 -23.258458 -277.193075 -261.488919 0.093827 0.070290 -0.000546 0.993104
1305031527.439476 14.024918 -222.453320 -238.731438 0.082946 0.069732 0.001054 0.994111
1305031527.471497 -167.815999 -234.207690 -174.321705 0.070668 0.080589 0.001602 0.994238
1305031527.507487 -201.441344 -239.634241 -154.504640 0.059003 0.081978 0.003084 0.994881
1305031527.539741 -204.576812 -149.713468 -147.174211 0.052039 0.083347 0.002717 0.995157
1305031527.571506 -204.576812 -149.713468 -147.174211 0.052039 0.083347 0.002717 0.995157
1305031527.607559 -189.471102 -80.744565 -82.552593 0.040476 0.084635 -0.000638 0.995589
1305031527.671547 -189.471102 -80.744565 -82.552593 0.040476 0.084635 -0.000638 0.995589
1305031527.707520 -189.471102 -80.744565 -82.552593 0.040476 0.084635 -0.000638 0.995589
1305031527.771461 -110.743101 -186.102038 -69.033364 0.013803 0.066723 0.001873 0.997674
1305031527.807581 -86.992852 -168.069667 -42.362289 0.004296 0.057314 0.005455 0.998332
1305031527.839601 -97.029347 -186.745973 -54.562466 -0.003898 0.047773 0.008183 0.998817
1305031527.871464 -162.862389 -141.046103 -20.941294 -0.009510 0.037882 0.005348 0.999223
1305031527.907477 -196.183485 -183.638383 -16.614662 -0.020982 0.025136 -0.000488 0.999464
1305031527.939566 -196.183485 -183.638383 -16.614662 -0.020982 0.025136 -0.000488 0.999464
1305031527.971502 -213.470292 -178.406182 -24.498555 -0.017989 0.006066 -0.014064 0.999721
1305031528.039560 -213.470292 -178.406182 -24.498555 -0.017989 0.006066 -0.014064 0.999721
1305031528.071546 -251.133300 -152.617057 -33.964042 -0.009946 -0.012493 -0.028992 0.999452
1305031528.107513 -339.059756 -106.372925 -38.455057 -0.001982 -0.028139 -0.042947 0.998679
1305031528.139513 -379.892321 -96.613657 -63.676028 0.003728 -0.047231 -0.059977 0.997075
1305031528.171523 -411.008486 -91.374233 -102.106041 0.007498 -0.062805 -0.077624 0.994974
1305031528.207527 -487.774086 -94.707597 -102.579905 0.013032 -0.070759 -0.093534 0.993013
1305031528.239493 -558.407589 -56.082691 -140.486183 0.024615 -0.077052 -0.107892 0.990867
1305031528.275450 -558.407589 -56.082691 -140.486183 0.024615 -0.077052 -0.107892 0.990867
1305031528.307665 -686.746807 -59.077213 -185.255269 0.032286 -0.094763 -0.118241 0.987925
1305031528.339593 -749.843374 -46.462659 -251.525283 0.041786 -0.117051 -0.122942 0.984600
1305031528.375435 -802.807271 -82.532848 -298.091099 0.044737 -0.142314 -0.126415 0.980696
1305031528.407459 -802.807271 -82.532848 -298.091099 0.044737 -0.142314 -0.126415 0.980696
1305031528.439469 -851.237574 -48.277015 -293.957596 0.051890 -0.172916 -0.130250 0.974906
1305031528.475342 -851.237574 -48.277015 -293.957596 0.051890 -0.172916 -0.130250 0.974906
1305031528.539626 -851.237574 -48.277015 -293.957596 0.051890 -0.172916 -0.130250 0.974906
1305031528.575449 -851.237574 -48.277015 -293.957596 0.051890 -0.172916 -0.130250 0.974906
1305031528.607841 -851.237574 -48.277015 -293.957596 0.051890 -0.172916 -0.130250 0.974906
1305031528.639487 -851.237574 -48.277015 -293.957596 0.051890 -0.172916 -0.130250 0.974906
1305031528.707447 -851.237574 -48.277015 -293.957596 0.051890 -0.172916 -0.130250 0.974906
1305031528.739609 -884.768444 24.753149 -267.743088 0.046069 -0.181861 -0.137952 0.972509
1305031528.775443 -884.768444 24.753149 -267.743088 0.046069 -0.181861 -0.137952 0.972509
1305031528.807559 -934.541407 73.169435 -262.336508 0.032144 -0.183452 -0.144025 0.971889
1305031528.839572 -963.466682 121.678609 -246.300363 0.018335 -0.188323 -0.147989 0.970720
1305031528.875433 -1003.919660 150.538933 -242.563021 0.001690 -0.192201 -0.152262 0.969470
1305031528.907519 -1043.288980 190.430881 -234.891535 -0.015992 -0.193994 -0.155737 0.968430
1305031528.939602 -1099.128243 187.871575 -200.593526 -0.038578 -0.194834 -0.154742 0.967784
1305031528.975465 -1162.868988 232.373906 -202.747135 -0.052666 -0.194550 -0.147855 0.968254
1305031529.007487 -1213.698541 304.279293 -221.322361 -0.067681 -0.191923 -0.143390 0.968517
1305031529.039494 -1260.244411 317.379732 -219.905026 -0.088830 -0.187046 -0.137575 0.968605
1305031529.075422 -1297.320727 292.067778 -230.218051 -0.110080 -0.176698 -0.124628 0.970117
1305031529.107523 -1388.624483 344.980405 -249.950183 -0.121222 -0.159374 -0.110924 0.973448
1305031529.139597 -1477.981705 402.330222 -265.616434 -0.133906 -0.143871 -0.090782 0.976283
1305031529.175411 -1574.737200 458.834035 -293.182532 -0.147537 -0.127875 -0.069048 0.978322
1305031529.207466 -1663.142493 516.916556 -321.775113 -0.164351 -0.112933 -0.051731 0.978549
1305031529.239515 -1761.709326 581.741480 -307.486706 -0.180928 -0.100795 -0.042266 0.977404
1305031529.275389 -1781.812077 750.635881 -226.612170 -0.186499 -0.099642 -0.040129 0.976565
1305031529.307413 -1885.964732 740.158001 -233.786831 -0.206514 -0.083170 -0.033046 0.974342
1305031529.339486 -2037.233183 767.807102 -276.266413 -0.223086 -0.065629 -0.032061 0.972058
1305031529.375399 -2037.233183 767.807102 -276.266413 -0.223086 -0.065629 -0.032061 0.972058
1305031529.407513 -2192.903146 780.474578 -322.449688 -0.224282 -0.058643 -0.035829 0.972098
1305031529.439502 -2192.903146 780.474578 -322.449688 -0.224282 -0.058643 -0.035829 0.972098
1305031529.475403 -2289.331473 777.840091 -314.446412 -0.225611 -0.055011 -0.036571 0.971975
1305031529.507485 -2377.307772 765.807013 -295.017854 -0.225746 -0.052103 -0.041270 0.971916
1305031529.539489 -2478.315527 770.906141 -310.312301 -0.218140 -0.042776 -0.044842 0.973948
1305031529.607479 -2478.315527 770.906141 -310.312301 -0.218140 -0.042776 -0.044842 0.973948
1305031529.639746 -2558.745236 768.910024 -303.735548 -0.220759 -0.036550 -0.036923 0.973944
1305031529.675618 -2649.850189 774.147642 -300.918655 -0.223533 -0.026823 -0.027591 0.973936
1305031529.707557 -2731.199322 777.412416 -286.046881 -0.227652 -0.019681 -0.017883 0.973379
1305031529.739568 -2787.306706 776.703279 -265.627571 -0.231526 -0.013226 -0.011521 0.972671
1305031529.775501 -2832.469903 769.787967 -230.318027 -0.236552 -0.003785 -0.005784 0.971594
1305031529.807516 -2875.421064 705.600921 -165.400224 -0.241808 0.008930 -0.001242 0.970282
1305031529.839505 -2990.500173 708.864779 -155.565618 -0.232963 0.029328 0.002052 0.972041
1305031529.875495 -3059.124499 623.378555 -100.513931 -0.242769 0.038595 0.013159 0.969227
1305031529.939498 -3059.124499 623.378555 -100.513931 -0.242769 0.038595 0.013159 0.969227
1305031529.975501 -3122.024006 708.323642 -49.765011 -0.230408 0.039060 0.029032 0.971876
1305031530.007409 -3216.860522 651.034447 -22.333422 -0.236540 0.046183 0.041775 0.969624
1305031530.039454 -3315.051090 596.616162 -0.383542 -0.238980 0.051350 0.057475 0.967961
1305031530.075443 -3418.621719 562.433448 1.864180 -0.239025 0.055126 0.068655 0.967013
1305031530.107445 -3499.527682 478.603667 27.186333 -0.244131 0.057636 0.083708 0.964402
1305031530.139497 -3583.008494 379.478815 18.244284 -0.244307 0.058877 0.092711 0.963459
1305031530.175410 -3663.291340 323.061203 11.236073 -0.241090 0.059812 0.097980 0.963690
1305031530.207486 -3706.723238 217.753018 26.474975 -0.241687 0.058335 0.103364 0.963068
1305031530.239446 -3792.099613 153.624033 7.343491 -0.232539 0.062428 0.101845 0.965223
1305031530.275407 -3881.702263 85.215806 -21.074498 -0.226302 0.068276 0.098044 0.966702
1305031530.307544 -3959.366712 17.042217 -41.952109 -0.221754 0.073946 0.096494 0.967495
1305031530.339724 -4039.645872 -28.542766 -75.319676 -0.215675 0.081250 0.095140 0.968417
1305031530.375386 -4153.642876 -71.191599 -109.438746 -0.214557 0.091575 0.090741 0.968166
1305031530.407465 -4214.895970 -176.547303 -113.121541 -0.217536 0.097778 0.092101 0.966765
1305031530.439553 -4299.270966 -261.240227 -135.403399 -0.214453 0.105932 0.090906 0.966708
1305031530.475439 -4391.062808 -320.658033 -166.103491 -0.209946 0.113959 0.089926 0.966876
1305031530.507461 -4437.989129 -407.138877 -197.379779 -0.207886 0.120582 0.090800 0.966436
1305031530.539532 -4420.987369 -532.891206 -218.867936 -0.205858 0.126857 0.090200 0.966123
1305031530.575433 -4458.471702 -714.505769 -250.757617 -0.201053 0.141709 0.086795 0.965382
1305031530.607559 -4458.471702 -714.505769 -250.757617 -0.201053 0.141709 0.086795 0.965382
1305031530.639507 -4455.586198 -706.871773 -303.473383 -0.183705 0.160672 0.081971 0.966291
1305031530.675401 -4526.129465 -819.202166 -366.032594 -0.173535 0.188696 0.079114 0.963338
1305031530.739522 -4526.129465 -819.202166 -366.032594 -0.173535 0.188696 0.079114 0.963338
1305031530.775437 -4511.778832 -757.250309 -280.805829 -0.163268 0.214772 0.078860 0.959686
1305031530.807467 -4717.470894 -634.466334 -314.671773 -0.145647 0.248079 0.084528 0.953991
1305031530.839463 -4934.460509 -577.868945 -344.890086 -0.140089 0.275721 0.093801 0.946337
1305031530.875401 -5084.739465 -646.708160 -334.092229 -0.146042 0.290650 0.101625 0.940142
1305031530.939462 -5084.739465 -646.708160 -334.092229 -0.146042 0.290650 0.101625 0.940142
1305031530.975286 -5084.739465 -646.708160 -334.092229 -0.146042 0.290650 0.101625 0.940142
1305031531.039689 -5084.739465 -646.708160 -334.092229 -0.146042 0.290650 0.101625 0.940142
1305031531.075325 -5176.152068 -559.641730 -237.139993 -0.153652 0.273455 0.110511 0.943081
1305031531.139581 -5176.152068 -559.641730 -237.139993 -0.153652 0.273455 0.110511 0.943081
1305031531.175355 -5176.152068 -559.641730 -237.139993 -0.153652 0.273455 0.110511 0.943081
1305031531.239619 -5176.152068 -559.641730 -237.139993 -0.153652 0.273455 0.110511 0.943081
1305031531.275515 -5176.152068 -559.641730 -237.139993 -0.153652 0.273455 0.110511 0.943081
1305031531.339595 -5234.596650 -400.765406 1.629818 -0.145856 0.251260 0.115414 0.949881
1305031531.375434 -5231.816855 -343.234137 143.617774 -0.145512 0.249261 0.113927 0.950640
1305031531.439644 -5231.816855 -343.234137 143.617774 -0.145512 0.249261 0.113927 0.950640
1305031531.475324 -5273.418105 -380.519758 288.303678 -0.146723 0.259655 0.117542 0.947225
1305031531.507602 -5376.566489 -343.733845 396.675653 -0.141810 0.270546 0.115536 0.945170
1305031531.539487 -5395.200457 -308.472070 561.469382 -0.140741 0.277064 0.119098 0.942997
1305031531.575392 -5445.268666 -308.667020 681.730132 -0.137319 0.282621 0.125748 0.940987
1305031531.607419 -5488.566516 -280.683491 786.202264 -0.134197 0.288080 0.129514 0.939269
1305031531.639521 -5530.596596 -281.078823 900.988235 -0.135725 0.295617 0.131676 0.936403
1305031531.675444 -5589.579002 -303.536294 1011.804376 -0.134271 0.303593 0.134574 0.933645
1305031531.707498 -5676.224622 -281.589494 1111.033520 -0.131874 0.308956 0.132246 0.932559
1305031531.739657 -5717.291394 -298.306547 1219.979649 -0.134585 0.312426 0.130914 0.931203
1305031531.775442 -5786.554812 -303.678179 1318.675246 -0.132454 0.318905 0.127585 0.929773
1305031531.839545 -5786.554812 -303.678179 1318.675246 -0.132454 0.318905 0.127585 0.929773
1305031531.875426 -5828.777401 -215.912917 1392.769937 -0.139364 0.318411 0.127824 0.928899
1305031531.907427 -5861.195908 -219.429495 1474.935805 -0.149508 0.319334 0.132312 0.926373
1305031531.939564 -5907.589925 -193.460311 1534.201886 -0.156802 0.323171 0.138111 0.922984
1305031531.975488 -5947.307902 -184.017494 1628.789256 -0.167548 0.329668 0.143562 0.917952
1305031532.039675 -5947.307902 -184.017494 1628.789256 -0.167548 0.329668 0.143562 0.917952
1305031532.075525 -5947.307902 -184.017494 1628.789256 -0.167548 0.329668 0.143562 0.917952
1305031532.107398 -6009.703072 -179.242083 1713.188803 -0.181877 0.337529 0.160161 0.909584
1305031532.139520 -6057.407341 -158.024618 1826.538745 -0.192687 0.346239 0.178582 0.900610
1305031532.175563 -6109.460272 -133.894824 1903.186019 -0.200375 0.352160 0.197868 0.892570
1305031532.207465 -6146.012489 -143.331268 2023.100536 -0.212304 0.359634 0.219985 0.881588
1305031532.239966 -6197.816019 -118.825960 2126.316515 -0.216907 0.365757 0.239003 0.872955
1305031532.275514 -6245.907566 -71.599797 2225.470063 -0.221955 0.372349 0.254939 0.864348
1305031532.307481 -6314.279865 -27.363977 2314.274788 -0.226280 0.379598 0.269564 0.855592
1305031532.339777 -6314.279865 -27.363977 2314.274788 -0.226280 0.379598 0.269564 0.855592
1305031532.375496 -6314.279865 -27.363977 2314.274788 -0.226280 0.379598 0.269564 0.855592
1305031532.407448 -6314.279865 -27.363977 2314.274788 -0.226280 0.379598 0.269564 0.855592
1305031532.439533 -6314.279865 -27.363977 2314.274788 -0.226280 0.379598 0.269564 0.855592
1305031532.475428 -6314.279865 -27.363977 2314.274788 -0.226280 0.379598 0.269564 0.855592
1305031532.507415 -6314.279865 -27.363977 2314.274788 -0.226280 0.379598 0.269564 0.855592
1305031532.539458 -6314.279865 -27.363977 2314.274788 -0.226280 0.379598 0.269564 0.855592
1305031532.575435 -6314.279865 -27.363977 2314.274788 -0.226280 0.379598 0.269564 0.855592
1305031532.607434 -6314.279865 -27.363977 2314.274788 -0.226280 0.379598 0.269564 0.855592
1305031532.639592 -6314.279865 -27.363977 2314.274788 -0.226280 0.379598 0.269564 0.855592
1305031532.707308 -6314.279865 -27.363977 2314.274788 -0.226280 0.379598 0.269564 0.855592
1305031532.740052 -6314.279865 -27.363977 2314.274788 -0.226280 0.379598 0.269564 0.855592
1305031532.775761 -6314.279865 -27.363977 2314.274788 -0.226280 0.379598 0.269564 0.855592
1305031532.807429 -6314.279865 -27.363977 2314.274788 -0.226280 0.379598 0.269564 0.855592
1305031532.839717 -6314.279865 -27.363977 2314.274788 -0.226280 0.379598 0.269564 0.855592
1305031532.875476 -6281.286616 -13.180211 2360.636984 -0.222232 0.392753 0.273242 0.849527
1305031532.907577 -6281.286616 -13.180211 2360.636984 -0.222232 0.392753 0.273242 0.849527
1305031532.939523 -6281.286616 -13.180211 2360.636984 -0.222232 0.392753 0.273242 0.849527
1305031532.975424 -6248.392011 -53.895118 2418.761677 -0.213906 0.400680 0.287333 0.843291
1305031533.007402 -6215.967724 -47.936449 2457.859161 -0.204629 0.408537 0.296403 0.838671
1305031533.039505 -6199.982809 -54.034612 2507.271429 -0.193382 0.419772 0.304311 0.832940
1305031533.075500 -6199.982809 -54.034612 2507.271429 -0.193382 0.419772 0.304311 0.832940
1305031533.107480 -6182.047984 -111.162202 2528.093252 -0.196231 0.430218 0.318827 0.821435
1305031533.139514 -6182.047984 -111.162202 2528.093252 -0.196231 0.430218 0.318827 0.821435
1305031533.175459 -6169.196997 -143.299735 2531.314680 -0.186818 0.438924 0.319510 0.818754
1305031533.207507 -6169.196997 -143.299735 2531.314680 -0.186818 0.438924 0.319510 0.818754
1305031533.239511 -6169.196997 -143.299735 2531.314680 -0.186818 0.438924 0.319510 0.818754
1305031533.275405 -6183.107332 -186.989816 2529.178866 -0.177583 0.448464 0.319175 0.815765
1305031533.307502 -6210.964260 -249.406982 2523.519942 -0.174413 0.455273 0.318367 0.812987
1305031533.339522 -6222.510406 -335.415881 2495.303291 -0.166672 0.462262 0.319566 0.810193
1305031533.375654 -6269.748612 -434.003887 2482.705206 -0.160567 0.471149 0.317318 0.807184
1305031533.407483 -6314.827823 -553.144664 2479.882059 -0.155923 0.476054 0.318317 0.804820
1305031533.439774 -6363.394090 -529.422613 2450.327732 -0.140675 0.475334 0.316438 0.808786
1305031533.475654 -6404.878897 -557.762175 2435.383824 -0.127791 0.477060 0.316416 0.809916
1305031533.507463 -6460.404264 -603.668553 2429.861031 -0.119732 0.479982 0.320119 0.807964
1305031533.539640 -6474.031516 -661.255833 2410.690416 -0.110979 0.482432 0.325470 0.805613
1305031533.575643 -6521.742271 -665.775444 2379.785657 -0.097359 0.486556 0.325519 0.804874
1305031533.607639 -6545.415876 -649.263685 2352.602523 -0.089351 0.494163 0.325618 0.801119
1305031533.639561 -6615.793039 -730.365270 2368.699863 -0.086613 0.505870 0.330035 0.792257
1305031533.675446 -6675.231350 -738.202575 2390.551357 -0.083992 0.514317 0.333468 0.785636
1305031533.707501 -6686.065500 -765.489719 2361.176641 -0.086371 0.522025 0.339653 0.777603
1305031533.739555 -6705.911984 -799.157891 2363.279372 -0.088527 0.534997 0.340357 0.768179
1305031533.775530 -6784.208189 -878.768133 2372.529967 -0.090945 0.547328 0.342547 0.758170
1305031533.807707 -6808.661021 -951.203855 2429.875428 -0.096859 0.555828 0.347496 0.748946
1305031533.839329 -6808.661021 -951.203855 2429.875428 -0.096859 0.555828 0.347496 0.748946
1305031533.875471 -6808.661021 -951.203855 2429.875428 -0.096859 0.555828 0.347496 0.748946
1305031533.907441 -6769.956785 -1013.260802 2480.806255 -0.091345 0.531226 0.352394 0.765032
1305031533.939530 -6769.956785 -1013.260802 2480.806255 -0.091345 0.531226 0.352394 0.765032
1305031533.975439 -6769.956785 -1013.260802 2480.806255 -0.091345 0.531226 0.352394 0.765032
1305031534.007323 -6810.329177 -1053.381497 2657.531453 -0.081777 0.515101 0.343242 0.781133
1305031534.039458 -6810.329177 -1053.381497 2657.531453 -0.081777 0.515101 0.343242 0.781133
1305031534.075484 -6806.995219 -889.531153 2732.269329 -0.065208 0.499788 0.326482 0.799606
1305031534.107442 -6806.995219 -889.531153 2732.269329 -0.065208 0.499788 0.326482 0.799606
1305031534.139529 -6806.995219 -889.531153 2732.269329 -0.065208 0.499788 0.326482 0.799606
1305031534.175381 -6900.280326 -917.795254 2883.989010 -0.057177 0.508467 0.309103 0.801653
1305031534.207436 -6900.280326 -917.795254 2883.989010 -0.057177 0.508467 0.309103 0.801653
1305031534.239529 -6900.280326 -917.795254 2883.989010 -0.057177 0.508467 0.309103 0.801653
1305031534.275475 -7000.765254 -1054.480591 2969.505178 -0.061520 0.508984 0.304583 0.802733
1305031534.307945 -6888.830793 -974.220425 2937.320329 -0.057183 0.498495 0.300163 0.811255
1305031534.339859 -6756.542932 -912.149416 2914.922565 -0.054053 0.492385 0.292388 0.818013
1305031534.375478 -6692.444747 -876.769048 2951.036676 -0.047392 0.493388 0.286750 0.819815
1305031534.407595 -6646.051976 -760.727414 3123.028222 -0.038882 0.499966 0.274288 0.820541
1305031534.439543 -6646.051976 -760.727414 3123.028222 -0.038882 0.499966 0.274288 0.820541
1305031534.475605 -6580.992788 -754.954769 3206.637953 -0.029296 0.500011 0.262346 0.824807
1305031534.507525 -6596.996910 -739.590033 3217.742724 -0.026185 0.499909 0.255239 0.827199
1305031534.539582 -6596.996910 -739.590033 3217.742724 -0.026185 0.499909 0.255239 0.827199
1305031534.575414 -6618.511673 -752.449030 3258.631643 -0.019453 0.495419 0.249517 0.831819
1305031534.607494 -6693.389181 -826.479136 3264.124691 -0.018642 0.489602 0.245913 0.836343
1305031534.639696 -6625.379647 -754.317940 3244.473304 -0.016912 0.475881 0.245223 0.844462
1305031534.675511 -6534.074993 -673.356537 3247.940325 -0.016448 0.464645 0.245809 0.850537
1305031534.707481 -6386.234938 -614.546953 3211.865906 -0.013482 0.455107 0.249948 0.854530
1305031534.739665 -6323.521031 -568.172742 3215.940373 -0.011684 0.448979 0.247213 0.858584
1305031534.775491 -6323.521031 -568.172742 3215.940373 -0.011684 0.448979 0.247213 0.858584
1305031534.807516 -6283.078945 -586.887288 3222.229402 -0.013944 0.444326 0.247102 0.861000
1305031534.839569 -6243.640781 -608.539346 3122.827770 -0.013159 0.435638 0.249569 0.864732
1305031534.875499 -6169.244683 -595.820066 3190.398856 -0.008988 0.432287 0.248492 0.866775
1305031534.907458 -6169.244683 -595.820066 3190.398856 -0.008988 0.432287 0.248492 0.866775
1305031534.939556 -6169.244683 -595.820066 3190.398856 -0.008988 0.432287 0.248492 0.866775
1305031534.975464 -6169.244683 -595.820066 3190.398856 -0.008988 0.432287 0.248492 0.866775
1305031535.007643 -6065.668646 -418.706854 3141.160819 0.003066 0.429694 0.238855 0.870805
1305031535.039655 -6065.668646 -418.706854 3141.160819 0.003066 0.429694 0.238855 0.870805
1305031535.075490 -6065.668646 -418.706854 3141.160819 0.003066 0.429694 0.238855 0.870805
1305031535.107796 -5990.703542 -382.143768 3145.460568 0.004929 0.426426 0.245448 0.870570
1305031535.139465 -5990.703542 -382.143768 3145.460568 0.004929 0.426426 0.245448 0.870570
1305031535.175406 -5980.580206 -345.031648 3120.621332 0.006785 0.415250 0.251108 0.874337
1305031535.207514 -5937.553651 -356.479763 3297.046238 0.002780 0.409508 0.257977 0.875068
1305031535.239511 -5933.763805 -377.196258 3292.526616 -0.001299 0.396605 0.262939 0.879526
1305031535.275537 -5970.425060 -442.179189 3319.991500 -0.005028 0.387072 0.264588 0.883257
1305031535.307409 -6015.813482 -493.612440 3297.952473 -0.009077 0.378496 0.264527 0.886952
1305031535.339468 -6052.823932 -553.154084 3312.430713 -0.012328 0.371919 0.265589 0.889375
1305031535.375492 -6068.279387 -585.944797 3263.036467 -0.015891 0.358271 0.263486 0.895525
1305031535.407712 -6037.296491 -570.991255 3258.181520 -0.017720 0.347660 0.260926 0.900409
1305031535.439618 -6037.296491 -570.991255 3258.181520 -0.017720 0.347660 0.260926 0.900409
1305031535.475595 -6079.392735 -638.117015 3380.115349 -0.017247 0.346947 0.254837 0.902435
1305031535.507701 -6133.757511 -620.944658 3427.965364 -0.012865 0.341435 0.244706 0.907400
1305031535.539515 -6133.757511 -620.944658 3427.965364 -0.012865 0.341435 0.244706 0.907400
1305031535.575567 -6133.757511 -620.944658 3427.965364 -0.012865 0.341435 0.244706 0.907400
1305031535.607524 -6133.757511 -620.944658 3427.965364 -0.012865 0.341435 0.244706 0.907400
1305031535.639591 -6133.757511 -620.944658 3427.965364 -0.012865 0.341435 0.244706 0.907400
1305031535.675500 -6203.665949 -587.336414 3387.134558 -0.014229 0.340649 0.243231 0.908072
1305031535.707524 -6226.642199 -509.550000 3304.222112 -0.018053 0.338034 0.247080 0.907942
1305031535.739708 -6213.270389 -646.134966 3328.769130 -0.034159 0.339704 0.251674 0.905591
1305031535.775437 -6199.228526 -523.525468 3278.427534 -0.038451 0.337758 0.252030 0.906047
1305031535.807496 -6177.071134 -574.598137 3299.012085 -0.052241 0.341725 0.257362 0.902363
1305031535.840053 -6167.412563 -540.450169 3276.892993 -0.055322 0.344058 0.264576 0.899202
1305031535.875502 -6153.758850 -524.646927 3267.324433 -0.058813 0.347367 0.278269 0.893557
1305031535.907487 -6129.953150 -483.699125 3237.362061 -0.062882 0.351143 0.283115 0.890275
1305031535.939747 -6185.482773 -527.068594 3253.383648 -0.073055 0.363141 0.286989 0.883419
1305031535.975512 -6128.891602 -536.595612 3251.813806 -0.087527 0.370408 0.293633 0.876879
1305031536.007462 -6185.674864 -510.468795 3230.225808 -0.099407 0.378938 0.298783 0.870203
1305031536.039667 -6185.674864 -510.468795 3230.225808 -0.099407 0.378938 0.298783 0.870203
1305031536.075538 -6185.674864 -510.468795 3230.225808 -0.099407 0.378938 0.298783 0.870203
1305031536.107579 -6185.674864 -510.468795 3230.225808 -0.099407 0.378938 0.298783 0.870203
1305031536.139540 -6185.674864 -510.468795 3230.225808 -0.099407 0.378938 0.298783 0.870203
1305031536.175699 -6210.651104 -494.227903 3222.750336 -0.111709 0.394781 0.307214 0.858655
1305031536.207474 -6201.675868 -451.410573 3166.127717 -0.122570 0.408391 0.317698 0.846913
1305031536.239482 -6172.059989 -426.932016 3100.856944 -0.134527 0.420947 0.332150 0.833296
1305031536.275618 -6169.848884 -415.607371 3054.060210 -0.145541 0.436854 0.344242 0.818213
1305031536.307472 -6237.630510 -398.176648 3062.385962 -0.152837 0.454401 0.348617 0.805373
1305031536.339530 -6318.417905 -478.861279 3029.104840 -0.160672 0.471716 0.360673 0.788406
1305031536.375786 -6318.417905 -478.861279 3029.104840 -0.160672 0.471716 0.360673 0.788406
1305031536.407665 -6318.417905 -478.861279 3029.104840 -0.160672 0.471716 0.360673 0.788406
1305031536.439546 -6318.417905 -478.861279 3029.104840 -0.160672 0.471716 0.360673 0.788406
1305031536.475492 -6313.643116 -476.722357 3034.918034 -0.168288 0.486608 0.369313 0.773627
1305031536.507648 -6322.220168 -479.520257 2995.380988 -0.172008 0.494866 0.377583 0.763513
1305031536.539583 -6368.185770 -479.194026 2958.620695 -0.173595 0.499588 0.384224 0.756735
1305031536.575660 -6367.605115 -433.490453 2916.554323 -0.174486 0.498613 0.392292 0.753025
1305031536.607624 -6370.574419 -413.454497 2862.903352 -0.173950 0.498941 0.400946 0.748359
1305031536.639838 -6403.213612 -414.394818 2828.809146 -0.174086 0.501307 0.409029 0.742349
1305031536.675456 -6437.417714 -386.084102 2809.317868 -0.176372 0.499263 0.415228 0.739740
1305031536.707472 -6459.159371 -342.312704 2780.325152 -0.178245 0.496510 0.417171 0.740050
1305031536.739722 -6463.103182 -289.741728 2729.644230 -0.181222 0.496514 0.417446 0.739170
1305031536.775321 -6480.713634 -282.220709 2671.062843 -0.185039 0.497735 0.414995 0.738783
1305031536.807301 -6549.179982 -254.205685 2644.923268 -0.188087 0.497501 0.406660 0.742795
1305031536.839527 -6572.086284 -227.151981 2596.432477 -0.192123 0.493886 0.404794 0.745189
1305031536.875419 -6585.273975 -219.770676 2544.239191 -0.196610 0.491028 0.403572 0.746570
1305031536.907491 -6592.836729 -171.447331 2465.705492 -0.199586 0.488033 0.394800 0.752411
1305031536.939530 -6622.621741 -160.950702 2393.710559 -0.203670 0.490568 0.385390 0.754543
1305031536.975375 -6640.290006 -171.262393 2325.150638 -0.205286 0.493662 0.380680 0.754479
1305031537.007412 -6678.612941 -150.183487 2241.564190 -0.206071 0.493817 0.371731 0.758614
1305031537.039427 -6696.886222 -126.543012 2149.528449 -0.207953 0.494816 0.365537 0.760457
1305031537.075341 -6717.039486 -124.232709 2054.665978 -0.210833 0.493599 0.360920 0.762657
1305031537.107337 -6717.039486 -124.232709 2054.665978 -0.210833 0.493599 0.360920 0.762657
1305031537.140656 -6697.581049 -86.517810 1935.806907 -0.212848 0.493301 0.353391 0.765810
1305031537.175377 -6701.736591 -76.988698 1835.689770 -0.214739 0.492941 0.345001 0.769331
1305031537.207445 -6691.320678 -67.605849 1729.729638 -0.217459 0.489263 0.338252 0.773898
1305031537.239415 -6684.686331 -78.885095 1615.562681 -0.219601 0.484365 0.331587 0.779241
1305031537.275504 -6674.505974 -69.141304 1496.265045 -0.221778 0.478408 0.325008 0.785054
1305031537.307646 -6659.394329 -89.299795 1388.383090 -0.217825 0.472810 0.326371 0.788977
1305031537.339718 -6657.110056 -119.708083 1279.532511 -0.221324 0.466373 0.319166 0.794761
1305031537.375388 -6632.070383 -138.161137 1174.025823 -0.223809 0.457979 0.311547 0.801937
1305031537.407396 -6634.610263 -141.151967 1080.283240 -0.225077 0.450045 0.303977 0.808949
1305031537.439649 -6630.983390 -159.199317 983.457706 -0.228205 0.439141 0.298640 0.816022
1305031537.475520 -6594.243164 -159.682576 878.625459 -0.231065 0.425298 0.291349 0.825134
1305031537.507492 -6575.147246 -141.210331 758.780652 -0.232336 0.412872 0.282304 0.834183
1305031537.539497 -6545.888368 -132.120376 653.057935 -0.237770 0.403353 0.275763 0.839480
1305031537.575529 -6482.510278 -170.014298 568.313504 -0.242144 0.396018 0.273134 0.842576
1305031537.607507 -6467.424430 -211.318406 501.938034 -0.242155 0.391821 0.268728 0.845945
1305031537.643442 -6432.403141 -230.301292 436.430500 -0.240426 0.381565 0.265040 0.852266
1305031537.675306 -6354.643247 -239.480268 337.129622 -0.237918 0.367423 0.261334 0.860290
1305031537.707483 -6354.643247 -239.480268 337.129622 -0.237918 0.367423 0.261334 0.860290
1305031537.743426 -6272.320676 -194.089369 251.615714 -0.233610 0.358796 0.249483 0.868591
1305031537.775469 -6211.296614 -196.923384 180.317099 -0.228921 0.353069 0.240011 0.874833
1305031537.807576 -6168.753214 -182.991065 108.783755 -0.223214 0.348196 0.233059 0.880124
1305031537.843458 -6096.076971 -182.839312 36.025019 -0.219839 0.339740 0.228452 0.885470
1305031537.875571 -6014.447062 -178.978531 -46.242878 -0.216916 0.331114 0.220988 0.891333
1305031537.907514 -5951.049254 -154.395475 -130.729470 -0.214655 0.325992 0.213709 0.895534
1305031537.943469 -5881.682724 -131.535503 -204.611261 -0.214785 0.320608 0.208618 0.898642
1305031537.975426 -5768.687574 -147.154662 -285.069851 -0.217555 0.312693 0.205703 0.901431
1305031538.007529 -5686.967625 -141.069931 -373.389308 -0.216357 0.307575 0.200514 0.904645
1305031538.043452 -5604.153835 -119.422107 -442.107638 -0.218508 0.301187 0.198883 0.906635
1305031538.075565 -5486.994675 -146.934890 -486.813638 -0.221031 0.292988 0.199853 0.908494
1305031538.107629 -5428.850466 -154.478277 -535.204815 -0.215012 0.285541 0.201821 0.911869
1305031538.143487 -5323.529528 -161.467756 -619.822848 -0.211166 0.272146 0.208983 0.915244
1305031538.175565 -5155.517367 -214.998261 -674.580978 -0.211394 0.257900 0.211285 0.918781
1305031538.207697 -5155.517367 -214.998261 -674.580978 -0.211394 0.257900 0.211285 0.918781
1305031538.243517 -5096.437576 -220.594252 -727.911680 -0.201991 0.255244 0.201741 0.923770
1305031538.275489 -5014.412598 -263.104606 -787.750765 -0.196204 0.249269 0.193800 0.928337
1305031538.307386 -4899.163106 -231.640313 -867.181495 -0.184574 0.237486 0.180101 0.936534
1305031538.343413 -4851.243956 -233.252141 -908.935773 -0.172338 0.231539 0.171936 0.941874
1305031538.375553 -4851.243956 -233.252141 -908.935773 -0.172338 0.231539 0.171936 0.941874
1305031538.407511 -4711.737138 -136.593462 -917.960179 -0.160601 0.221008 0.163804 0.947909
1305031538.443598 -4711.737138 -136.593462 -917.960179 -0.160601 0.221008 0.163804 0.947909
1305031538.475570 -4711.737138 -136.593462 -917.960179 -0.160601 0.221008 0.163804 0.947909
1305031538.507548 -4711.737138 -136.593462 -917.960179 -0.160601 0.221008 0.163804 0.947909
1305031538.543450 -4689.494426 -249.398413 -980.731179 -0.163310 0.218103 0.173243 0.946440
1305031538.575524 -4612.970142 -220.628393 -1080.739436 -0.166511 0.208282 0.171410 0.948426
1305031538.607517 -4612.970142 -220.628393 -1080.739436 -0.166511 0.208282 0.171410 0.948426
1305031538.643479 -4612.970142 -220.628393 -1080.739436 -0.166511 0.208282 0.171410 0.948426
1305031538.675433 -4598.923083 -125.459815 -1190.744878 -0.169417 0.202640 0.163355 0.950552
1305031538.707490 -4598.923083 -125.459815 -1190.744878 -0.169417 0.202640 0.163355 0.950552
1305031538.743572 -4598.923083 -125.459815 -1190.744878 -0.169417 0.202640 0.163355 0.950552
1305031538.775491 -4506.407232 -62.581578 -1316.296445 -0.181492 0.189763 0.171910 0.949472
1305031538.808089 -4432.327649 106.603643 -1421.954982 -0.197295 0.179746 0.171780 0.948292
1305031538.843518 -4432.327649 106.603643 -1421.954982 -0.197295 0.179746 0.171780 0.948292
1305031538.875656 -4338.036960 131.260682 -1508.677435 -0.213785 0.177425 0.169331 0.945592
1305031538.907498 -4255.281401 230.702527 -1577.018043 -0.226429 0.176372 0.168148 0.943053
1305031538.943414 -4112.145975 356.715523 -1615.037400 -0.237538 0.170622 0.168189 0.941369
1305031538.975507 -3942.471127 404.039828 -1712.480190 -0.249579 0.165403 0.168281 0.939167
1305031539.007520 -3942.471127 404.039828 -1712.480190 -0.249579 0.165403 0.168281 0.939167
1305031539.043445 -3867.526243 436.195684 -1764.911471 -0.261185 0.167997 0.163621 0.936369
1305031539.075515 -3769.235921 466.998149 -1842.982937 -0.268882 0.166380 0.161416 0.934861
1305031539.107503 -3684.546884 524.724613 -1930.825696 -0.276727 0.163907 0.158912 0.933436
1305031539.143607 -3576.519961 554.447182 -2010.823974 -0.287583 0.158977 0.153620 0.931892
1305031539.175587 -3494.792223 600.198723 -2077.214186 -0.297218 0.153967 0.149446 0.930388
1305031539.207601 -3402.318994 631.003657 -2125.179836 -0.312159 0.145512 0.148182 0.927052
1305031539.243449 -3258.202821 612.814717 -2149.202370 -0.332765 0.128686 0.149508 0.922147
1305031539.275652 -3065.991859 643.778572 -2179.295462 -0.348156 0.109886 0.149126 0.918953
1305031539.307521 -2952.886380 691.864890 -2235.279911 -0.364077 0.098448 0.140758 0.915392
1305031539.343842 -2813.439584 706.552429 -2271.608920 -0.385848 0.086368 0.128165 0.909525
1305031539.375556 -2680.509878 727.729986 -2331.915451 -0.404284 0.076264 0.109686 0.904824
1305031539.407846 -2536.845790 667.399636 -2380.315112 -0.431029 0.068299 0.097518 0.894449
1305031539.443431 -2438.079150 629.585319 -2390.415382 -0.456535 0.063796 0.084800 0.883354
1305031539.475605 -2320.209382 574.565269 -2395.546330 -0.473124 0.053526 0.079947 0.875726
1305031539.507506 -2218.830674 529.350029 -2431.429193 -0.483919 0.040459 0.079285 0.870574
1305031539.543459 -2107.876543 531.820624 -2501.708186 -0.488390 0.027797 0.078464 0.868646
1305031539.575448 -1977.823174 551.344506 -2497.345056 -0.491623 0.019618 0.077265 0.867152
1305031539.607559 -1874.404520 523.943908 -2521.916992 -0.493327 0.011343 0.069109 0.867020
1305031539.643437 -1762.868453 511.087685 -2563.386069 -0.493871 0.001890 0.056217 0.867714
1305031539.675458 -1762.868453 511.087685 -2563.386069 -0.493871 0.001890 0.056217 0.867714
1305031539.707426 -1642.421275 468.269028 -2600.958149 -0.490151 -0.008272 0.044420 0.870466
1305031539.743465 -1642.421275 468.269028 -2600.958149 -0.490151 -0.008272 0.044420 0.870466
1305031539.775488 -1642.421275 468.269028 -2600.958149 -0.490151 -0.008272 0.044420 0.870466
1305031539.807653 -1642.421275 468.269028 -2600.958149 -0.490151 -0.008272 0.044420 0.870466
1305031539.843466 -1518.184169 492.084702 -2658.538384 -0.484133 -0.026618 0.038762 0.873730
1305031539.875593 -1377.502618 502.619944 -2685.562468 -0.485082 -0.044799 0.033895 0.872662
1305031539.907642 -1256.976448 512.916940 -2705.304529 -0.488057 -0.060442 0.024675 0.870367
1305031539.943541 -1087.898628 593.842404 -2752.052747 -0.486171 -0.077923 0.011387 0.870308
1305031539.975883 -941.781218 608.613303 -2735.858566 -0.486040 -0.087040 0.003077 0.869586
1305031540.007422 -817.184808 622.490800 -2765.113451 -0.481467 -0.094063 -0.006328 0.871379
1305031540.043468 -732.177811 689.134831 -2790.458946 -0.473946 -0.093496 -0.015941 0.875431
1305031540.075632 -732.177811 689.134831 -2790.458946 -0.473946 -0.093496 -0.015941 0.875431
1305031540.107421 -551.843044 733.797010 -2834.249749 -0.456136 -0.100307 -0.017467 0.884066
1305031540.143443 -551.843044 733.797010 -2834.249749 -0.456136 -0.100307 -0.017467 0.884066
1305031540.175595 -463.087803 757.137908 -2832.891609 -0.442307 -0.090308 -0.019166 0.892100
1305031540.207411 -325.428527 747.869439 -2778.138419 -0.431736 -0.081562 -0.017341 0.898137
1305031540.243496 -325.428527 747.869439 -2778.138419 -0.431736 -0.081562 -0.017341 0.898137
1305031540.275604 -325.428527 747.869439 -2778.138419 -0.431736 -0.081562 -0.017341 0.898137
1305031540.307411 -325.428527 747.869439 -2778.138419 -0.431736 -0.081562 -0.017341 0.898137
1305031540.343456 -203.697229 674.469620 -2791.233671 -0.418044 -0.076892 -0.012000 0.905087
1305031540.375438 -99.122539 722.757613 -2804.600965 -0.402129 -0.063539 -0.004370 0.913365
1305031540.407504 -73.653823 686.308638 -2794.264260 -0.388826 -0.048874 0.000374 0.920014
1305031540.443453 24.584479 668.777849 -2841.555308 -0.372170 -0.041416 0.008495 0.927201
1305031540.475476 161.635651 623.660776 -2781.849367 -0.364490 -0.036970 0.020699 0.930243
1305031540.507525 267.574076 580.198564 -2794.727483 -0.351247 -0.030547 0.032000 0.935237
1305031540.543427 394.757456 574.558462 -2817.162658 -0.339836 -0.023083 0.040237 0.939340
1305031540.575635 494.837556 475.732754 -2825.092234 -0.330617 -0.008388 0.040281 0.942868
1305031540.607508 494.837556 475.732754 -2825.092234 -0.330617 -0.008388 0.040281 0.942868
1305031540.643443 598.321017 464.046800 -2875.404475 -0.323774 0.006807 0.042564 0.945152
1305031540.675895 676.216736 429.330068 -2892.940862 -0.317467 0.025792 0.043945 0.946899
1305031540.707442 715.972054 476.527394 -2921.475881 -0.307570 0.046720 0.047501 0.949190
1305031540.743545 834.968026 452.488869 -2956.601830 -0.305050 0.065359 0.050973 0.948723
1305031540.775513 949.090377 430.950343 -2962.599126 -0.301037 0.085306 0.052553 0.948334
1305031540.807495 1027.461402 428.740665 -3011.812791 -0.295678 0.112095 0.052835 0.947216
1305031540.843557 1086.481376 407.203683 -3040.024351 -0.293766 0.140162 0.051929 0.944118
1305031540.875472 1198.449734 361.167232 -3096.546190 -0.291069 0.160372 0.052354 0.941711
1305031540.907447 1198.449734 361.167232 -3096.546190 -0.291069 0.160372 0.052354 0.941711
1305031540.943442 1198.449734 361.167232 -3096.546190 -0.291069 0.160372 0.052354 0.941711
1305031540.975401 1267.480225 368.668081 -3094.711272 -0.287737 0.177469 0.056416 0.939430
1305031541.007473 1267.480225 368.668081 -3094.711272 -0.287737 0.177469 0.056416 0.939430
1305031541.043464 1287.539516 334.357098 -3058.169950 -0.281969 0.199627 0.067059 0.936027
1305031541.075485 1287.539516 334.357098 -3058.169950 -0.281969 0.199627 0.067059 0.936027
1305031541.107513 1287.539516 334.357098 -3058.169950 -0.281969 0.199627 0.067059 0.936027
1305031541.143507 1361.396114 379.315078 -3039.032459 -0.278033 0.208498 0.068257 0.935183
1305031541.175472 1361.396114 379.315078 -3039.032459 -0.278033 0.208498 0.068257 0.935183
1305031541.207454 1317.333888 358.343674 -3058.305193 -0.279460 0.212494 0.067239 0.933931
1305031541.243593 1350.659199 351.528938 -3027.604960 -0.286264 0.210363 0.071503 0.932034
1305031541.275691 1348.301650 379.700780 -3016.120651 -0.290754 0.208398 0.075787 0.930747
1305031541.307436 1374.238220 385.107149 -2982.680981 -0.297210 0.201991 0.082271 0.929568
1305031541.343493 1389.072048 404.330469 -2989.124368 -0.302585 0.190630 0.085205 0.929969
1305031541.375507 1389.196508 418.026311 -2970.520042 -0.310088 0.177836 0.088777 0.929698
1305031541.407707 1400.991901 426.669882 -2930.591398 -0.318404 0.165005 0.089697 0.929164
1305031541.443699 1340.520936 391.172193 -2814.095980 -0.328806 0.157436 0.089934 0.926829
1305031541.475389 1339.150727 440.252416 -2812.665118 -0.331922 0.140075 0.084680 0.928997
1305031541.507656 1352.417189 438.405071 -2768.182282 -0.342117 0.120790 0.079303 0.928481
1305031541.543489 1348.628193 452.204967 -2734.323556 -0.349291 0.103268 0.072839 0.928453
1305031541.575608 1348.628193 452.204967 -2734.323556 -0.349291 0.103268 0.072839 0.928453
1305031541.607431 1365.166792 413.728700 -2722.178900 -0.356905 0.083479 0.067920 0.927921
1305031541.643543 1332.564537 433.907890 -2688.101134 -0.361313 0.063392 0.061147 0.928275
1305031541.675424 1354.389034 427.111290 -2688.847272 -0.366384 0.038793 0.053010 0.928142
1305031541.707418 1353.464737 443.512072 -2647.138241 -0.371999 0.015002 0.041275 0.927194
1305031541.743439 1341.301695 436.109643 -2629.364515 -0.378070 -0.010007 0.023580 0.925422
1305031541.775415 1341.301695 436.109643 -2629.364515 -0.378070 -0.010007 0.023580 0.925422
1305031541.807470 1338.773772 424.662192 -2640.615065 -0.386780 -0.030582 -0.003435 0.921659
1305031541.843441 1222.857422 416.177820 -2563.237048 -0.398563 -0.048447 -0.029813 0.915375
1305031541.875438 1169.902729 423.617900 -2572.886048 -0.398750 -0.069069 -0.042394 0.913472
1305031541.907570 1114.819641 431.061324 -2585.572536 -0.400718 -0.089956 -0.048335 0.910493
1305031541.943524 1060.948600 446.686518 -2544.909044 -0.403423 -0.112987 -0.048430 0.906719
1305031541.975524 1097.442605 424.280475 -2483.168225 -0.404730 -0.138017 -0.043300 0.902923
1305031542.007694 1053.657556 604.456450 -2447.574408 -0.396215 -0.159488 -0.035467 0.903504
1305031542.043489 1114.097047 527.157233 -2430.669803 -0.397374 -0.184491 -0.032653 0.898327
1305031542.075555 1218.909957 549.117536 -2373.520923 -0.397002 -0.204462 -0.030459 0.894235
1305031542.107416 1222.132010 592.352366 -2370.968761 -0.395387 -0.215577 -0.037853 0.892055
1305031542.143525 1214.879047 599.072225 -2322.006845 -0.399201 -0.226087 -0.046487 0.887334
1305031542.175524 1202.053656 611.006845 -2305.175327 -0.399803 -0.233630 -0.047859 0.885033
1305031542.207368 1198.784396 642.986681 -2300.076557 -0.402280 -0.246666 -0.046378 0.880440
1305031542.244091 1221.710280 671.064813 -2224.879632 -0.406419 -0.262341 -0.043822 0.874117
1305031542.275425 1325.818596 759.032499 -2172.391891 -0.407187 -0.276757 -0.038318 0.869561
1305031542.307528 1325.818596 759.032499 -2172.391891 -0.407187 -0.276757 -0.038318 0.869561
1305031542.343479 1337.471450 774.174943 -2115.049623 -0.412640 -0.275474 -0.048740 0.866872
1305031542.375553 1350.100481 800.679084 -2106.239423 -0.416338 -0.271405 -0.050681 0.866276
1305031542.407482 1388.593482 844.309348 -2050.571691 -0.424188 -0.271725 -0.046698 0.862583
1305031542.443447 1414.755269 866.838975 -1981.544112 -0.430177 -0.271301 -0.045377 0.859816
1305031542.475446 1451.425238 905.730719 -1930.698279 -0.431398 -0.272160 -0.039713 0.859213
1305031542.507447 1532.698242 933.791588 -1884.177084 -0.434251 -0.273186 -0.030360 0.857831
1305031542.543425 1601.089039 965.738223 -1806.139749 -0.437695 -0.273253 -0.024626 0.856241
1305031542.575428 1649.323335 1019.295973 -1746.601829 -0.435955 -0.271114 -0.017318 0.857986
1305031542.607410 1725.228015 1080.152762 -1729.289831 -0.433851 -0.267929 -0.006360 0.860202
1305031542.643424 1793.668439 1113.050100 -1648.278525 -0.436879 -0.267476 0.000548 0.858832
1305031542.675341 1852.957404 1169.241478 -1607.230750 -0.433691 -0.266307 0.006339 0.860786
1305031542.707362 1920.691705 1223.367813 -1574.415143 -0.430478 -0.266627 0.008012 0.862285
1305031542.743855 1985.168973 1285.771917 -1519.794336 -0.432080 -0.264872 0.008978 0.862015
1305031542.775624 2013.650710 1293.557905 -1473.957252 -0.434327 -0.260234 0.006927 0.862317
1305031542.807676 2103.882227 1298.487696 -1430.553736 -0.434351 -0.263857 0.006308 0.861208
1305031542.843453 2171.045736 1376.129807 -1366.664676 -0.436893 -0.265194 0.007387 0.859501
1305031542.875473 2241.188132 1371.517950 -1286.283978 -0.442801 -0.263634 0.002868 0.856981
1305031542.907374 2298.059119 1403.821651 -1241.750786 -0.445573 -0.262251 0.000304 0.855972
1305031542.943449 2334.957382 1476.451546 -1146.626628 -0.450900 -0.264668 0.000878 0.852431
1305031542.975416 2369.411554 1538.094626 -1102.626404 -0.450964 -0.267431 0.004388 0.851524
1305031543.007462 2405.863976 1653.616140 -1040.057475 -0.453287 -0.271549 0.011775 0.848913
1305031543.043546 2456.136239 1686.647250 -957.909738 -0.457309 -0.274834 0.016085 0.845622
1305031543.075465 2504.219489 1813.838523 -917.855647 -0.456293 -0.279774 0.023454 0.844377
1305031543.107471 2525.696676 1966.014601 -842.524647 -0.459402 -0.283590 0.029923 0.841208
1305031543.143424 2544.855478 2129.636009 -778.484498 -0.460446 -0.285464 0.035060 0.839804
1305031543.175587 2619.369353 2125.297674 -681.595943 -0.471119 -0.284679 0.038107 0.833998
1305031543.207464 2702.552075 2119.401399 -620.449320 -0.477071 -0.283140 0.044844 0.830797
1305031543.243490 2760.474546 2227.360459 -534.723990 -0.480297 -0.283779 0.059155 0.827820
1305031543.275504 2815.610703 2252.716680 -448.326169 -0.483268 -0.283329 0.066722 0.825667
1305031543.307391 2834.602669 2310.417797 -433.718212 -0.476184 -0.280296 0.074606 0.830130
1305031543.343502 2878.604551 2276.079744 -423.950869 -0.474929 -0.276347 0.075962 0.832048
1305031543.375520 2878.604551 2276.079744 -423.950869 -0.474929 -0.276347 0.075962 0.832048
1305031543.407575 2824.312393 2345.015357 -473.618217 -0.461552 -0.274611 0.078368 0.839891
1305031543.443593 2837.821356 2407.360638 -431.775646 -0.456401 -0.278789 0.085067 0.840678
1305031543.475420 2809.152187 2380.146393 -456.363274 -0.452682 -0.274600 0.084550 0.844112
1305031543.507652 2851.939599 2373.314251 -381.454713 -0.450324 -0.286191 0.085469 0.841426
1305031543.543433 2804.856965 2410.040083 -437.517200 -0.438444 -0.290413 0.086713 0.846113
1305031543.575393 2819.622150 2416.106204 -416.936956 -0.434288 -0.296787 0.087827 0.845930
1305031543.607524 2790.261809 2356.036881 -460.041381 -0.428332 -0.301625 0.083540 0.847688
1305031543.643400 2795.595128 2316.361357 -460.045048 -0.427284 -0.314366 0.080555 0.843868
1305031543.675460 2795.595128 2316.361357 -460.045048 -0.427284 -0.314366 0.080555 0.843868
1305031543.707478 2775.241797 2249.129260 -509.795318 -0.422397 -0.315190 0.079358 0.846131
1305031543.743399 2776.793048 2232.207066 -475.527317 -0.422810 -0.322370 0.082834 0.842881
1305031543.775642 2750.596824 2163.290130 -466.052214 -0.422513 -0.323713 0.088723 0.841915
1305031543.807514 2747.049920 2075.005886 -515.698255 -0.420422 -0.324509 0.094433 0.842034
1305031543.843406 2718.498528 1964.822294 -579.064557 -0.425238 -0.322534 0.098285 0.839932
1305031543.875410 2719.950541 1856.436691 -579.364917 -0.432311 -0.321867 0.103426 0.835950
1305031543.907459 2668.015027 1737.134656 -678.027356 -0.437357 -0.312547 0.106737 0.836445
1305031543.943413 2633.581697 1639.633399 -710.100959 -0.443366 -0.306544 0.108733 0.835245
1305031543.975473 2662.461842 1547.411914 -708.881107 -0.444815 -0.283567 0.121747 0.840777
1305031544.007491 2654.705739 1453.786502 -720.557775 -0.448673 -0.271825 0.120910 0.842724
1305031544.043491 2641.739557 1341.400892 -782.516020 -0.447908 -0.256538 0.115753 0.848627
1305031544.075509 2632.857158 1216.481540 -836.055157 -0.451905 -0.240106 0.109752 0.852106
1305031544.107376 2593.558708 1098.367655 -805.869011 -0.459087 -0.223475 0.108898 0.852900
1305031544.143795 2522.752322 979.398140 -889.153887 -0.453740 -0.209300 0.107903 0.859459
1305031544.175829 2474.426594 890.775990 -944.409646 -0.452950 -0.198494 0.107329 0.862506
1305031544.207354 2427.956732 784.744673 -982.697702 -0.450317 -0.184906 0.103485 0.867361
1305031544.243427 2347.618981 627.389569 -1060.739282 -0.450521 -0.167499 0.095114 0.871739
1305031544.275540 2297.097682 511.179176 -1100.061265 -0.450853 -0.154241 0.087081 0.874848
1305031544.307370 2194.110270 422.285367 -1169.045460 -0.448745 -0.138944 0.077574 0.879378
1305031544.343409 2051.468834 335.905281 -1260.855021 -0.446644 -0.124994 0.067544 0.883359
1305031544.375459 2051.468834 335.905281 -1260.855021 -0.446644 -0.124994 0.067544 0.883359
1305031544.407333 1917.588964 379.844625 -1327.951087 -0.455901 -0.113425 0.059075 0.880795
1305031544.443375 1672.482192 222.386612 -1294.474030 -0.470856 -0.099297 0.046050 0.875394
1305031544.475427 1528.760554 181.076328 -1366.030461 -0.477022 -0.094324 0.043677 0.872723
1305031544.507367 1407.002351 116.082179 -1364.764485 -0.485506 -0.094753 0.041464 0.868094
1305031544.543416 1278.980776 114.981230 -1402.698985 -0.487668 -0.098003 0.038839 0.866641
1305031544.575497 1160.901033 95.663117 -1427.184117 -0.488903 -0.101255 0.038619 0.865581
1305031544.607409 1109.739792 109.700907 -1503.897336 -0.490356 -0.108150 0.041705 0.863780
1305031544.643444 1019.246434 102.406226 -1503.616511 -0.501263 -0.111440 0.045818 0.856865
1305031544.675586 868.110690 94.709737 -1530.509932 -0.504358 -0.112502 0.047040 0.854841
1305031544.707411 789.013223 100.885926 -1564.086053 -0.506505 -0.118234 0.050675 0.852587
1305031544.743438 733.660236 119.094587 -1523.431784 -0.510603 -0.124705 0.054452 0.848981
1305031544.775418 640.446417 125.837997 -1512.666399 -0.508561 -0.126276 0.051034 0.850186
1305031544.807397 540.273378 133.411898 -1544.375531 -0.504620 -0.124822 0.048689 0.852882
1305031544.843491 443.980213 130.148149 -1598.103439 -0.505091 -0.123538 0.047194 0.852874
1305031544.875360 360.943011 154.154925 -1573.872927 -0.511373 -0.126295 0.044640 0.848855
1305031544.907423 292.038325 157.549761 -1557.254769 -0.514197 -0.127387 0.038902 0.847267
1305031544.943434 207.204597 189.308111 -1549.841937 -0.518305 -0.125124 0.030712 0.845435
1305031544.975537 75.804580 200.791913 -1516.685096 -0.524262 -0.122007 0.022971 0.842458
1305031545.007393 -0.129754 211.232231 -1474.417020 -0.528425 -0.120683 0.024328 0.840006
1305031545.043477 -51.344912 224.818500 -1430.822261 -0.530265 -0.117318 0.024679 0.839313
1305031545.075369 -134.720348 227.622649 -1383.109741 -0.529737 -0.109456 0.023712 0.840735
1305031545.107399 -200.200449 246.555673 -1373.934497 -0.528273 -0.100169 0.027644 0.842692
1305031545.144171 -271.350878 241.568922 -1347.583822 -0.529821 -0.086400 0.032739 0.843061
1305031545.175406 -322.826861 257.280840 -1315.826800 -0.531709 -0.071862 0.039596 0.842943
1305031545.207577 -376.374818 277.578605 -1271.325423 -0.533907 -0.056817 0.046429 0.842354
1305031545.243483 -450.592300 266.538657 -1159.315023 -0.535655 -0.041603 0.052426 0.841780
1305031545.275369 -340.347640 283.661124 -1161.893514 -0.528840 -0.039069 0.065665 0.845275
1305031545.307451 -400.221629 301.744352 -1138.578395 -0.528358 -0.028594 0.072209 0.845462
1305031545.343494 -445.307128 314.001101 -1084.757620 -0.528679 -0.018222 0.077663 0.845065
1305031545.375545 -515.865998 305.180842 -1024.049021 -0.527839 -0.004380 0.082596 0.845307
1305031545.407452 -558.867965 301.685529 -948.547868 -0.525318 0.006910 0.091349 0.845960
1305031545.444180 -597.815257 308.590768 -912.488498 -0.518791 0.014606 0.098009 0.849139
1305031545.475423 -616.200230 316.168100 -809.081611 -0.511244 0.021308 0.104194 0.852830
1305031545.507394 -703.995429 318.753656 -809.258076 -0.495058 0.029463 0.106574 0.861795
1305031545.543418 -703.995429 318.753656 -809.258076 -0.495058 0.029463 0.106574 0.861795
1305031545.578078 -772.601126 302.177571 -776.626591 -0.482225 0.029441 0.106667 0.869031
1305031545.607417 -836.984103 325.843014 -763.544376 -0.471799 0.025991 0.107656 0.874723
1305031545.643463 -872.558031 354.933579 -720.360994 -0.462142 0.023439 0.108622 0.879816
1305031545.675289 -890.609178 369.803528 -684.790102 -0.450033 0.021150 0.106095 0.886435
1305031545.707398 -959.012755 428.667880 -737.312592 -0.432459 0.020647 0.100938 0.895748
1305031545.743570 -1031.992979 487.482480 -792.507653 -0.426410 0.021595 0.099319 0.898801
1305031545.775452 -1118.539862 550.430432 -785.042130 -0.425797 0.020344 0.096669 0.899410
1305031545.807404 -1170.394849 614.688747 -801.107223 -0.427290 0.017040 0.095826 0.898860
1305031545.843376 -1201.357287 684.720791 -833.124900 -0.431799 0.015608 0.095051 0.896812
1305031545.875537 -1238.793442 753.264573 -835.461356 -0.442438 0.018950 0.093141 0.891748
1305031545.907389 -1300.449428 804.751421 -832.290693 -0.451957 0.023528 0.089079 0.887269
1305031545.943457 -1354.725221 871.856208 -869.907243 -0.463597 0.026029 0.085134 0.881563
1305031545.975621 -1388.500226 920.725618 -870.370938 -0.477442 0.031306 0.085154 0.873967
1305031546.007516 -1452.514251 964.192829 -892.508515 -0.489639 0.035301 0.083946 0.867157
1305031546.043769 -1377.392169 1005.956549 -888.658856 -0.508574 0.035504 0.089241 0.855645
1305031546.075414 -1347.810336 1098.360638 -901.262338 -0.525434 0.042196 0.091875 0.844807
1305031546.107395 -1347.810336 1098.360638 -901.262338 -0.525434 0.042196 0.091875 0.844807
1305031546.143502 -1364.063397 1129.608813 -923.192844 -0.537906 0.059557 0.096423 0.835352
1305031546.175952 -1364.063397 1129.608813 -923.192844 -0.537906 0.059557 0.096423 0.835352
1305031546.207500 -1329.445701 1169.304315 -947.037737 -0.548812 0.066956 0.100984 0.827118
1305031546.243551 -1342.196096 1216.839154 -970.727634 -0.554834 0.081193 0.100198 0.821904
1305031546.276098 -1378.919117 1236.284967 -1037.999432 -0.555652 0.097762 0.100912 0.819457
1305031546.308110 -1353.208215 1300.728443 -1065.519883 -0.563820 0.109150 0.106010 0.811760
1305031546.343919 -1364.664953 1349.710242 -1069.615894 -0.568086 0.122803 0.108662 0.806468
1305031546.376056 -1360.213511 1399.796988 -1139.587216 -0.565768 0.130659 0.114364 0.806075
1305031546.407659 -1359.178707 1458.666233 -1182.390581 -0.566213 0.138593 0.120218 0.803581
1305031546.443968 -1320.783312 1538.443796 -1215.276222 -0.564348 0.140918 0.128564 0.803197
1305031546.475996 -1334.324171 1592.722623 -1286.536834 -0.565270 0.146105 0.130923 0.801238
1305031546.507967 -1320.929275 1631.885232 -1272.188701 -0.572067 0.151295 0.133696 0.794968
1305031546.544068 -1339.494800 1682.624515 -1354.278008 -0.567953 0.155790 0.134850 0.796853
1305031546.576412 -1363.327715 1728.555888 -1400.939933 -0.571359 0.160810 0.134586 0.793458
1305031546.607717 -1358.998493 1768.422758 -1431.847863 -0.577305 0.162984 0.139175 0.787899
1305031546.644200 -1374.028701 1801.094196 -1448.777917 -0.586439 0.167364 0.139375 0.780162
1305031546.676003 -1376.547443 1849.506554 -1470.064073 -0.593152 0.170576 0.140065 0.774246
1305031546.707934 -1358.454851 1889.603752 -1496.945936 -0.598813 0.172398 0.142580 0.769007
1305031546.743887 -1360.652668 1929.763555 -1526.457180 -0.606591 0.175788 0.141235 0.762363
1305031546.775864 -1346.522631 1963.254153 -1505.831795 -0.617680 0.176872 0.141952 0.753018
1305031546.807996 -1339.690967 2002.978175 -1509.881577 -0.622173 0.177365 0.141076 0.749359
1305031546.844079 -1347.628170 2031.259880 -1505.940931 -0.625597 0.179257 0.140984 0.746069
1305031546.876064 -1317.140749 2059.746583 -1502.698985 -0.628726 0.174027 0.143899 0.744118
1305031546.907783 -1296.321909 2077.991772 -1492.718494 -0.629137 0.171863 0.143607 0.744330
1305031546.943858 -1311.230260 2101.468423 -1504.766586 -0.625462 0.172414 0.140716 0.747844
1305031546.975884 -1317.244621 2114.630345 -1499.044502 -0.627746 0.170475 0.139210 0.746655
1305031547.011984 -1295.016788 2122.395447 -1480.941111 -0.629160 0.165822 0.140959 0.746184
1305031547.044214 -1278.953070 2134.186511 -1499.035342 -0.627362 0.163886 0.140744 0.748164
1305031547.076346 -1256.979027 2139.429725 -1489.451512 -0.628182 0.163658 0.138083 0.748021
1305031547.111991 -1257.104925 2142.894024 -1488.677633 -0.625619 0.166291 0.134159 0.750300
1305031547.144071 -1271.096938 2142.346802 -1495.751728 -0.621229 0.170454 0.130446 0.753661
1305031547.175909 -1282.457422 2137.096846 -1501.386376 -0.618460 0.172781 0.130834 0.755339
1305031547.211964 -1266.272924 2126.630260 -1499.165124 -0.617813 0.169579 0.134024 0.756034
1305031547.244113 -1240.914307 2111.439067 -1497.933906 -0.616482 0.167320 0.136766 0.757132
1305031547.276546 -1250.368485 2098.626439 -1511.976979 -0.612670 0.167639 0.134899 0.760483
1305031547.312261 -1247.511197 2083.618658 -1512.570839 -0.611678 0.166655 0.134668 0.761539
1305031547.344192 -1257.583731 2066.413015 -1514.745874 -0.609893 0.166979 0.134591 0.762912
1305031547.376753 -1256.323995 2057.066584 -1516.815439 -0.609014 0.165158 0.137094 0.763564
1305031547.412260 -1252.332210 2047.285971 -1514.823346 -0.607750 0.162929 0.139088 0.764688
1305031547.444472 -1239.011517 2033.536994 -1506.549479 -0.607692 0.160831 0.140453 0.764929
1305031547.476347 -1226.216272 2027.961987 -1507.391799 -0.605727 0.159691 0.140348 0.766744
1305031547.512114 -1228.095238 2025.934516 -1518.582846 -0.604148 0.160253 0.138846 0.768144
1305031547.544015 -1214.643454 2015.701586 -1505.658805 -0.606105 0.159807 0.138703 0.766720
1305031547.576437 -1225.014250 2015.199664 -1514.758295 -0.603584 0.162073 0.137471 0.768453
1305031547.612296 -1225.855122 2021.260322 -1518.128802 -0.604367 0.162719 0.138418 0.767531
1305031547.644160 -1190.141373 2012.309325 -1496.015869 -0.607712 0.160766 0.140804 0.764862
1305031547.677287 -1203.663348 2019.637438 -1523.157166 -0.604860 0.163262 0.138890 0.766941
1305031547.712338 -1188.064752 2022.684649 -1513.314551 -0.610333 0.162449 0.139528 0.762650
1305031547.744332 -1173.077262 2017.401720 -1506.264751 -0.610685 0.162932 0.139022 0.762358
1305031547.776390 -1182.060976 2020.206691 -1533.930596 -0.608173 0.164046 0.137200 0.764454
1305031547.812317 -1168.129098 2019.997023 -1528.474381 -0.610304 0.163888 0.136152 0.762976
1305031547.844564 -1163.767036 2017.962345 -1530.095652 -0.609802 0.165504 0.135701 0.763109
1305031547.876362 -1154.292032 2032.789080 -1554.522538 -0.609268 0.164249 0.136262 0.763707
1305031547.912744 -1143.400096 2030.092244 -1553.736252 -0.609972 0.165084 0.136408 0.762938
1305031547.944304 -1129.667895 2027.865064 -1558.294386 -0.610431 0.165623 0.137976 0.762171
1305031547.976482 -1132.783929 2028.960188 -1557.540639 -0.611476 0.167122 0.136975 0.761186
30
2.153388
