1305031453.359684 0.000000 0.000000 0.000000 0.000000 0.000000 0.000000 1.000000
1305031453.391690 13.274217 -24.580382 -77.014649 -0.004812 0.007323 0.010250 0.999909
1305031453.423683 32.727608 -9.559112 -118.793620 -0.003940 0.012452 0.020474 0.999705
1305031453.459685 102.925376 -16.321266 -200.025430 -0.002618 0.015948 0.029078 0.999446
1305031453.491698 92.847956 5.084868 -260.740818 0.000850 0.025248 0.038332 0.998946
1305031453.523684 74.792922 38.913582 -328.046200 0.007947 0.032445 0.046974 0.998337
1305031453.559753 92.313568 61.285857 -400.550468 0.014270 0.034705 0.053305 0.997873
1305031453.591640 94.243274 88.058222 -503.861740 0.020849 0.038126 0.057751 0.997385
1305031453.627706 48.578418 111.715104 -584.250239 0.027201 0.041597 0.062046 0.996835
1305031453.659600 51.281268 152.024978 -693.108626 0.034563 0.037077 0.060048 0.996908
1305031453.691678 9.547495 218.450517 -764.219996 0.042770 0.033229 0.055298 0.997000
1305031453.727652 -44.445065 274.358718 -850.177710 0.047114 0.030101 0.051043 0.997130
1305031453.759694 -28.459821 297.158062 -890.952342 0.050169 0.020057 0.043909 0.997573
1305031453.791716 -13.626995 357.024234 -962.808321 0.055632 0.007142 0.036534 0.997757
1305031453.827773 -70.647341 388.515349 -1025.680062 0.057405 0.001323 0.030035 0.997898
1305031453.859705 -163.258436 423.157436 -1100.740977 0.058385 -0.007887 0.023069 0.997996
1305031453.891710 -237.862094 411.001266 -1166.738261 0.054485 -0.021950 0.015245 0.998157
1305031453.927723 -290.508461 429.886967 -1206.296184 0.051103 -0.040355 0.011525 0.997811
1305031453.959641 -290.508461 429.886967 -1206.296184 0.051103 -0.040355 0.011525 0.997811
1305031453.991624 -308.416839 413.744505 -1216.847445 0.047284 -0.054083 0.000692 0.997416
1305031454.027662 -369.547797 421.271206 -1241.831418 0.048834 -0.065917 -0.009323 0.996586
1305031454.059654 -395.074091 456.743527 -1267.549890 0.049915 -0.078719 -0.021676 0.995410
1305031454.091651 -437.603993 438.907415 -1272.593749 0.047957 -0.091402 -0.035193 0.994036
1305031454.127701 -506.177293 438.171833 -1305.687572 0.049837 -0.104535 -0.048269 0.992098
1305031454.159672 -557.119456 477.124827 -1324.404964 0.051177 -0.120071 -0.060158 0.989619
1305031454.191658 -564.894654 468.159042 -1336.435143 0.047352 -0.139479 -0.073836 0.986332
1305031454.227671 -646.219622 371.804522 -1448.561038 0.039412 -0.147450 -0.088010 0.984357
1305031454.259627 -646.219622 371.804522 -1448.561038 0.039412 -0.147450 -0.088010 0.984357
1305031454.291639 -634.674182 396.120486 -1432.129554 0.036703 -0.158730 -0.098450 0.981715
1305031454.327699 -552.728782 291.807262 -1503.725689 0.030314 -0.176465 -0.110215 0.977647
1305031454.359636 -555.420704 294.309076 -1534.560000 0.036121 -0.188306 -0.125206 0.973427
1305031454.391677 -603.221310 328.875794 -1555.906997 0.038061 -0.194767 -0.136954 0.970495
1305031454.427465 -625.696275 323.148149 -1570.194231 0.038181 -0.209139 -0.151041 0.965396
1305031454.459913 -610.040440 347.001202 -1549.817810 0.040101 -0.222149 -0.164089 0.960269
1305031454.491617 -660.605885 393.819802 -1565.154535 0.043086 -0.224965 -0.180612 0.956511
1305031454.527700 -677.356425 441.849633 -1586.016668 0.043061 -0.231001 -0.195411 0.952155
1305031454.559575 -711.596971 481.128426 -1604.185010 0.040390 -0.236270 -0.208107 0.948281
1305031454.591635 -758.998424 502.644784 -1619.747069 0.036977 -0.245657 -0.225601 0.942014
1305031454.627580 -794.342360 526.607261 -1630.466061 0.030943 -0.254955 -0.244532 0.935011
1305031454.659528 -801.354425 584.361487 -1656.034844 0.025726 -0.265724 -0.250205 0.930659
1305031454.691884 -806.961432 616.214639 -1655.943992 0.019079 -0.280149 -0.256309 0.924910
1305031454.727659 -767.303034 636.022704 -1633.370047 0.015559 -0.296340 -0.260137 0.918841
1305031454.759732 -736.546911 671.662602 -1618.456909 0.010261 -0.303288 -0.255182 0.918038
1305031454.791641 -710.846713 718.810675 -1596.156343 0.005608 -0.307074 -0.246003 0.919324
1305031454.827570 -665.217665 772.035736 -1595.454952 0.001347 -0.308294 -0.238654 0.920867
1305031454.859620 -645.781337 813.824746 -1574.778814 -0.005051 -0.305762 -0.230447 0.923785
1305031454.891764 -627.588418 877.153259 -1563.123675 -0.008262 -0.300439 -0.222124 0.927539
1305031454.927567 -614.719915 916.206188 -1576.435155 -0.012817 -0.293972 -0.216227 0.930947
1305031454.959648 -621.487018 976.350408 -1588.175839 -0.016344 -0.287358 -0.208951 0.934611
1305031454.991937 -651.306973 995.229114 -1655.114387 -0.019714 -0.279989 -0.206140 0.937403
1305031455.027799 -655.161748 1026.290529 -1717.011702 -0.020546 -0.276764 -0.205460 0.938491
1305031455.059636 -680.161355 1073.197215 -1703.044826 -0.023262 -0.273953 -0.201108 0.940194
1305031455.091700 -706.232671 1104.891922 -1752.796936 -0.021125 -0.268439 -0.202183 0.941603
1305031455.127695 -736.385276 1144.828366 -1807.107571 -0.020249 -0.261300 -0.202601 0.943538
1305031455.159720 -781.538946 1185.292043 -1836.911946 -0.022764 -0.255119 -0.197931 0.946160
1305031455.191655 -829.763661 1223.343980 -1852.741395 -0.026995 -0.250676 -0.192173 0.948421
1305031455.227581 -882.968359 1240.659834 -1897.002605 -0.028417 -0.244920 -0.187861 0.950744
1305031455.259631 -914.791734 1306.253085 -1930.069946 -0.030673 -0.238644 -0.181212 0.953557
1305031455.291831 -985.372514 1318.193691 -1954.031810 -0.040169 -0.230550 -0.172931 0.956728
1305031455.327766 -1047.557292 1365.561275 -2005.163169 -0.045149 -0.224914 -0.162476 0.959675
1305031455.359630 -1078.739687 1419.888942 -2014.759504 -0.052310 -0.223401 -0.156323 0.960687
1305031455.391665 -1159.473997 1424.653257 -2069.590823 -0.062795 -0.210618 -0.150398 0.963887
1305031455.427642 -1234.373239 1427.574580 -2114.808668 -0.071958 -0.200685 -0.140381 0.966872
1305031455.459589 -1307.381826 1414.103690 -2147.384372 -0.079060 -0.195133 -0.131383 0.968716
1305031455.491637 -1370.527000 1432.009862 -2183.274722 -0.083507 -0.189920 -0.120694 0.970768
1305031455.527610 -1469.909391 1405.889412 -2235.154821 -0.090106 -0.182267 -0.109661 0.972951
1305031455.559669 -1557.691719 1407.224534 -2282.921251 -0.092412 -0.180233 -0.095770 0.974579
1305031455.591645 -1630.755637 1432.432409 -2335.199913 -0.093590 -0.179271 -0.081536 0.975938
1305031455.627617 -1710.982286 1399.820087 -2354.314831 -0.100324 -0.176371 -0.069012 0.976763
1305031455.659615 -1795.750328 1391.953006 -2380.907282 -0.097185 -0.173973 -0.063226 0.977901
1305031455.691605 -1865.838548 1388.341037 -2422.628818 -0.093666 -0.172302 -0.064048 0.978487
1305031455.727628 -1936.144428 1367.858101 -2472.137648 -0.092588 -0.168633 -0.068794 0.978906
1305031455.759683 -2012.883331 1359.211934 -2522.374652 -0.091391 -0.162406 -0.071817 0.979854
1305031455.791666 -2094.749802 1304.452884 -2568.701744 -0.092148 -0.155747 -0.071563 0.980882
1305031455.827590 -2180.581201 1298.389873 -2637.955931 -0.088277 -0.150501 -0.071801 0.982039
1305031455.859526 -2233.580374 1274.620500 -2665.961003 -0.089189 -0.149396 -0.071349 0.982159
1305031455.891657 -2286.467438 1245.928462 -2710.120036 -0.090185 -0.146487 -0.070337 0.982579
1305031455.927955 -2351.659458 1217.084684 -2757.608793 -0.091363 -0.141533 -0.072109 0.983067
1305031455.959716 -2406.360155 1207.345183 -2807.292229 -0.090674 -0.137154 -0.074495 0.983574
1305031455.991694 -2454.272962 1192.612499 -2848.906279 -0.092872 -0.131867 -0.077436 0.983865
1305031456.027770 -2504.388135 1216.098243 -2905.050290 -0.096315 -0.124389 -0.082291 0.984113
1305031456.059713 -2591.088378 1149.974172 -2935.212178 -0.108453 -0.116884 -0.092076 0.982903
1305031456.091707 -2651.892308 1081.619421 -2940.029619 -0.117331 -0.112204 -0.096611 0.981993
1305031456.127645 -2711.749861 1047.824273 -2962.595520 -0.119139 -0.106689 -0.098904 0.982162
1305031456.159731 -2752.331830 1003.702892 -2958.853721 -0.121525 -0.100791 -0.099535 0.982428
1305031456.191658 -2808.112502 926.055255 -2963.789133 -0.119894 -0.090977 -0.099397 0.983600
1305031456.227678 -2852.809484 944.501291 -2999.138513 -0.114900 -0.079438 -0.097188 0.985415
1305031456.291675 -2959.242686 841.051802 -2952.146019 -0.118021 -0.056275 -0.091160 0.987215
1305031456.327718 -3011.413652 810.337830 -2925.107474 -0.114319 -0.044678 -0.086517 0.988661
1305031456.391619 -3109.781144 788.740484 -2864.520163 -0.109599 -0.017477 -0.074972 0.990990
1305031456.427662 -3204.311779 794.999345 -2843.365412 -0.102786 -0.003510 -0.070122 0.992223
1305031456.491677 -3204.311779 794.999345 -2843.365412 -0.102786 -0.003510 -0.070122 0.992223
1305031456.527641 -3274.733554 783.364722 -2805.526756 -0.110254 -0.002859 -0.065306 0.991751
1305031456.591651 -3377.306463 792.938276 -2735.500841 -0.112931 0.003882 -0.055353 0.992052
1305031456.627612 -3425.818376 831.307509 -2690.877426 -0.126034 0.010366 -0.049554 0.990733
1305031456.691612 -3548.629812 826.807980 -2560.971852 -0.133391 0.021375 -0.032721 0.990293
1305031456.727693 -3657.644514 926.907614 -2545.815589 -0.132518 0.028166 -0.024081 0.990488
1305031456.791649 -3657.644514 926.907614 -2545.815589 -0.132518 0.028166 -0.024081 0.990488
1305031456.827603 -3704.951484 997.207990 -2526.244878 -0.132437 0.027333 -0.013533 0.990722
1305031456.891672 -3780.034293 982.133009 -2394.067024 -0.143609 0.031961 -0.002499 0.989115
1305031456.927690 -3833.253200 1025.217439 -2359.776604 -0.137072 0.038873 0.002865 0.989794
1305031456.959667 -3893.677147 1114.133572 -2347.321321 -0.135512 0.046544 0.007235 0.989655
1305031456.991709 -3963.157955 1099.780788 -2293.445479 -0.145853 0.053366 0.008059 0.987833
1305031457.027648 -4043.116264 1130.885772 -2280.261775 -0.144871 0.061004 0.010762 0.987510
1305031457.091655 -4166.108076 1169.124707 -2251.989950 -0.155974 0.074189 0.019384 0.984780
1305031457.127632 -4228.542588 1141.871392 -2234.437451 -0.159683 0.082127 0.022759 0.983483
1305031457.191735 -4390.337624 1174.305364 -2266.063587 -0.153032 0.101994 0.032433 0.982409
1305031457.227543 -4473.991287 1156.354045 -2276.997409 -0.157134 0.111247 0.036943 0.980596
1305031457.291656 -4621.223561 1091.573883 -2319.718882 -0.148840 0.129463 0.047326 0.979207
1305031457.327548 -4699.708606 1106.266181 -2361.607563 -0.144555 0.140655 0.051273 0.978106
1305031457.391684 -4863.253769 1018.374094 -2405.837835 -0.141886 0.165908 0.062110 0.973902
1305031457.427641 -4959.452517 1010.069309 -2444.081356 -0.138593 0.175518 0.068467 0.972264
1305031457.491705 -4959.452517 1010.069309 -2444.081356 -0.138593 0.175518 0.068467 0.972264
1305031457.527638 -5025.506906 955.806224 -2478.130198 -0.136995 0.179382 0.072600 0.971485
1305031457.559685 -5093.886374 918.366523 -2515.761763 -0.134306 0.184769 0.076844 0.970524
1305031457.591678 -5192.609529 910.778709 -2547.277151 -0.130092 0.191243 0.079924 0.969595
1305031457.627526 -5265.839860 856.613763 -2559.068149 -0.131015 0.194067 0.082783 0.968669
1305031457.659632 -5341.194762 902.753829 -2628.022825 -0.122681 0.196520 0.088715 0.968741
1305031457.691570 -5410.246467 842.026073 -2633.625041 -0.130898 0.198105 0.092089 0.967026
1305031457.727669 -5472.946605 733.468453 -2625.172847 -0.137246 0.200145 0.091270 0.965803
1305031457.759556 -5550.052950 668.812027 -2637.179359 -0.136660 0.203515 0.089252 0.965370
1305031457.791567 -5576.440046 572.798880 -2643.036359 -0.132766 0.206395 0.088313 0.965389
1305031457.827699 -5671.489459 594.042190 -2687.562066 -0.119245 0.215826 0.086451 0.965260
1305031457.859623 -5748.734858 546.726130 -2686.476575 -0.118063 0.224881 0.084952 0.963469
1305031457.891593 -5829.127192 430.673792 -2637.727431 -0.115134 0.234172 0.083872 0.961703
1305031457.927633 -5961.295694 423.079798 -2648.531800 -0.100748 0.242066 0.083790 0.961371
1305031457.991644 -6096.659144 358.833739 -2620.034294 -0.088707 0.245402 0.087546 0.961377
1305031458.027845 -6148.556690 317.723342 -2590.444359 -0.080207 0.249326 0.086609 0.961198
1305031458.059689 -6230.599409 356.191325 -2574.328585 -0.069669 0.255512 0.088187 0.960252
1305031458.091690 -6308.945508 363.042713 -2528.710714 -0.069261 0.261531 0.089367 0.958550
1305031458.127605 -6366.377348 312.957633 -2466.972412 -0.073100 0.266060 0.089367 0.957017
1305031458.159638 -6444.206365 286.867894 -2379.462625 -0.071911 0.270593 0.090467 0.955732
1305031458.191646 -6543.460194 318.839734 -2308.614800 -0.069774 0.273511 0.094413 0.954678
1305031458.227611 -6576.681143 288.546905 -2224.112420 -0.079406 0.270748 0.097166 0.954436
1305031458.259934 -6576.681143 288.546905 -2224.112420 -0.079406 0.270748 0.097166 0.954436
1305031458.291664 -6632.961608 374.384707 -2154.033210 -0.064938 0.267196 0.096664 0.956580
1305031458.327628 -6651.991813 384.714994 -2095.486826 -0.062504 0.258963 0.098288 0.958838
1305031458.359590 -6651.991813 384.714994 -2095.486826 -0.062504 0.258963 0.098288 0.958838
1305031458.391626 -6696.428529 431.457887 -2041.216521 -0.047957 0.256967 0.101208 0.959909
1305031458.427598 -6694.067296 463.676046 -1951.713008 -0.038031 0.257196 0.109399 0.959393
1305031458.459637 -6664.990413 440.518036 -1850.750302 -0.026567 0.261323 0.116022 0.957885
1305031458.491696 -6581.992364 470.608871 -1766.125661 -0.005080 0.267142 0.112453 0.957060
1305031458.527737 -6581.992364 470.608871 -1766.125661 -0.005080 0.267142 0.112453 0.957060
1305031458.559628 -6589.699763 506.689924 -1666.283054 0.001323 0.276378 0.109261 0.954817
1305031458.591641 -6648.173110 536.779765 -1545.901683 0.009961 0.285093 0.101210 0.953089
1305031458.627659 -6727.984374 739.067577 -1420.297708 0.018691 0.289879 0.093720 0.952280
1305031458.659623 -6727.984374 739.067577 -1420.297708 0.018691 0.289879 0.093720 0.952280
1305031458.691674 -6698.250285 774.917406 -1288.485628 0.010894 0.273700 0.090889 0.957449
1305031458.727650 -6698.250285 774.917406 -1288.485628 0.010894 0.273700 0.090889 0.957449
1305031458.759945 -6662.092151 876.750231 -1174.687649 0.018565 0.256867 0.079820 0.962966
1305031458.791632 -6662.092151 876.750231 -1174.687649 0.018565 0.256867 0.079820 0.962966
1305031458.827564 -6517.733348 960.773113 -1036.581133 0.015614 0.242446 0.075865 0.967068
1305031458.891665 -6454.549189 941.136192 -960.262481 0.019951 0.236380 0.066689 0.969164
1305031458.927621 -6500.374894 1002.390866 -892.457012 0.021377 0.245537 0.068058 0.966759
1305031458.959617 -6524.038759 957.549123 -836.435471 0.012977 0.253284 0.081541 0.963862
1305031458.991647 -6573.846126 835.691684 -757.172292 0.009247 0.260686 0.084824 0.961646
1305031459.027665 -6573.846126 835.691684 -757.172292 0.009247 0.260686 0.084824 0.961646
1305031459.059631 -6674.196745 791.713784 -647.984950 0.018028 0.257584 0.093172 0.961585
1305031459.127618 -6674.196745 791.713784 -647.984950 0.018028 0.257584 0.093172 0.961585
1305031459.159639 -6759.523161 778.903554 -620.930081 0.026285 0.234026 0.097198 0.967002
1305031459.191674 -6763.118205 821.256496 -543.485364 0.034885 0.216209 0.104820 0.970077
1305031459.227607 -6788.166313 835.176312 -477.602316 0.039100 0.205194 0.117928 0.970804
1305031459.259760 -6740.482978 881.828451 -403.078730 0.041341 0.200769 0.128383 0.970310
1305031459.327632 -6740.482978 881.828451 -403.078730 0.041341 0.200769 0.128383 0.970310
1305031459.359651 -6839.968607 897.404667 -392.543872 0.047548 0.227723 0.144806 0.961724
1305031459.391667 -6839.968607 897.404667 -392.543872 0.047548 0.227723 0.144806 0.961724
1305031459.427646 -6839.968607 897.404667 -392.543872 0.047548 0.227723 0.144806 0.961724
1305031459.459679 -6839.968607 897.404667 -392.543872 0.047548 0.227723 0.144806 0.961724
1305031459.527594 -6839.968607 897.404667 -392.543872 0.047548 0.227723 0.144806 0.961724
1305031459.559647 -6839.968607 897.404667 -392.543872 0.047548 0.227723 0.144806 0.961724
1305031459.591695 -6915.887512 962.449171 -366.856839 0.048583 0.237089 0.161681 0.956707
1305031459.627608 -6969.076601 963.642107 -339.455714 0.044683 0.241247 0.171824 0.954086
1305031459.659641 -7008.967422 1059.537966 -278.829080 0.050353 0.248349 0.163958 0.953365
1305031459.691604 -7087.423169 1063.311974 -241.268412 0.045826 0.262676 0.169205 0.948826
1305031459.727551 -7189.120756 1010.476050 -214.033798 0.039409 0.274559 0.172864 0.945083
1305031459.791650 -7189.120756 1010.476050 -214.033798 0.039409 0.274559 0.172864 0.945083
1305031459.827664 -7283.023686 1007.638286 -165.756434 0.039030 0.276799 0.169797 0.945001
1305031459.859660 -7377.864394 993.025710 -126.053585 0.034294 0.276886 0.168349 0.945419
1305031459.891596 -7447.028045 967.871184 -79.040386 0.028684 0.274316 0.170411 0.945985
1305031459.927607 -7532.333720 922.721605 -41.565802 0.026512 0.274186 0.173852 0.945460
1305031459.991725 -7669.277678 867.233595 46.307013 0.021200 0.273940 0.181451 0.944237
1305031460.027565 -7730.903785 810.849037 81.815198 0.018727 0.275133 0.185385 0.943177
1305031460.059659 -7815.338778 769.011543 121.351624 0.018654 0.277605 0.187469 0.942042
1305031460.091717 -7855.920997 778.096341 213.598843 0.021678 0.275725 0.190003 0.942021
1305031460.127690 -7910.379480 785.071696 408.157549 0.028706 0.276858 0.194220 0.940640
1305031460.159678 -7910.379480 785.071696 408.157549 0.028706 0.276858 0.194220 0.940640
1305031460.191559 -7910.379480 785.071696 408.157549 0.028706 0.276858 0.194220 0.940640
1305031460.227761 -7885.512409 727.908945 443.787875 0.027122 0.274829 0.199317 0.940216
1305031460.291689 -7927.773982 657.006108 517.167210 0.032133 0.290241 0.197736 0.935750
1305031460.327512 -7969.039443 619.607411 557.459026 0.034888 0.300143 0.197870 0.932494
1305031460.391611 -7985.433420 553.309000 645.523493 0.034771 0.320208 0.203582 0.924560
1305031460.427477 -8084.801636 505.589995 741.447758 0.035371 0.337710 0.203971 0.918203
1305031460.459620 -8039.918497 540.144667 780.252335 0.038825 0.349230 0.204476 0.913631
1305031460.491504 -8174.975071 479.290727 779.403914 0.033289 0.367853 0.210654 0.905097
1305031460.527570 -8211.385408 440.417956 805.021802 0.027876 0.380954 0.217096 0.898313
1305031460.559647 -8223.156220 382.166929 833.599493 0.022871 0.391554 0.221801 0.892730
1305031460.591855 -8261.556612 349.966396 876.483779 0.023434 0.404959 0.222468 0.886548
1305031460.627625 -8280.622259 318.488438 916.828413 0.022265 0.414431 0.223296 0.881981
1305031460.659764 -8321.014727 288.459213 965.736243 0.022294 0.423759 0.221871 0.877898
1305031460.691671 -8374.834877 273.550512 1032.965634 0.021504 0.431124 0.222285 0.874219
1305031460.727675 -8374.920497 221.903705 1087.201795 0.014660 0.435914 0.223869 0.871577
1305031460.759667 -8389.347518 176.516346 1131.399951 0.011705 0.441551 0.222673 0.869087
1305031460.791660 -8431.034913 149.700106 1202.896374 0.010145 0.448127 0.221188 0.866115
1305031460.827660 -8446.541644 128.079582 1252.902104 0.005559 0.450411 0.218934 0.865544
1305031460.859714 -8450.508985 103.573847 1309.557986 -0.000224 0.455741 0.216854 0.863293
1305031460.891774 -8464.177567 54.368656 1360.827667 -0.008006 0.461783 0.214622 0.860598
1305031460.927562 -8476.716832 25.995379 1434.486637 -0.014010 0.466579 0.213346 0.858249
1305031460.991668 -8462.605537 -87.657237 1525.849874 -0.017548 0.471102 0.215930 0.855061
1305031461.027620 -8469.704154 -157.614528 1579.734303 -0.018744 0.473889 0.217674 0.853051
1305031461.091728 -8482.324783 -197.817112 1686.976857 -0.016537 0.473757 0.216313 0.853516
1305031461.127586 -8454.120378 -258.728757 1711.737639 -0.020674 0.472689 0.215639 0.854188
1305031461.159720 -8442.147954 -322.698683 1763.353317 -0.020349 0.474429 0.214629 0.853486
1305031461.192013 -8434.955710 -337.340680 1791.033953 -0.017721 0.473316 0.210200 0.855262
1305031461.227607 -8429.779486 -359.751433 1828.965352 -0.017700 0.474915 0.207935 0.854930
1305031461.259642 -8410.928741 -392.612276 1862.114099 -0.018090 0.474496 0.204445 0.855995
1305031461.291656 -8395.841953 -401.765720 1886.807714 -0.016919 0.473593 0.197765 0.858086
1305031461.327751 -8369.243856 -397.465269 1907.167686 -0.015344 0.475113 0.192340 0.858509
1305031461.359709 -8380.113839 -366.814695 1954.215930 -0.017835 0.480971 0.186687 0.856444
1305031461.391708 -8334.902239 -430.399680 1995.389200 -0.028054 0.482210 0.190123 0.854716
1305031461.427624 -8305.770906 -459.168449 2010.984405 -0.029797 0.482499 0.188774 0.854793
1305031461.459781 -8299.334514 -440.685765 2023.400245 -0.032131 0.483642 0.190441 0.853692
1305031461.491677 -8250.457075 -530.586145 2043.498995 -0.039776 0.484842 0.194609 0.851747
1305031461.527705 -8243.927687 -534.627861 2033.887416 -0.034781 0.485028 0.191433 0.852580
1305031461.559677 -8213.300465 -537.511735 1972.889974 -0.036184 0.483027 0.189187 0.854157
1305031461.591690 -8211.698209 -551.478247 1953.133300 -0.036086 0.490765 0.185388 0.850576
1305031461.627541 -8204.938125 -555.622046 1937.223112 -0.038909 0.496894 0.184872 0.846997
1305031461.659622 -8188.571039 -540.506499 1923.940420 -0.039400 0.501995 0.185922 0.843731
1305031461.691563 -8182.806313 -506.063496 1900.060062 -0.038378 0.505232 0.190730 0.840767
1305031461.727602 -8133.730332 -487.906188 1857.544880 -0.040196 0.504941 0.196475 0.839533
1305031461.759684 -8123.935296 -448.552319 1805.404819 -0.039387 0.506550 0.198976 0.838012
1305031461.791612 -8086.650019 -411.094927 1766.958352 -0.042517 0.509941 0.204245 0.834528
1305031461.827615 -8058.068688 -393.967328 1725.846116 -0.044188 0.514531 0.209184 0.830390
1305031461.859767 -8072.869570 -338.347490 1715.885088 -0.041849 0.521950 0.215392 0.824271
1305031461.891723 -8097.613452 -268.394601 1670.073051 -0.042050 0.526095 0.226464 0.818639
1305031461.927758 -8073.734054 -236.164454 1664.719472 -0.046158 0.527782 0.240398 0.813341
1305031461.959703 -8036.737786 -188.322488 1596.163786 -0.049552 0.530901 0.244629 0.809843
1305031461.991590 -8093.456521 -153.364114 1564.149328 -0.054458 0.540682 0.255063 0.799775
1305031462.027675 -8093.456521 -153.364114 1564.149328 -0.054458 0.540682 0.255063 0.799775
1305031462.059837 -8055.841834 -57.229550 1548.868202 -0.052838 0.535404 0.267535 0.799360
1305031462.091777 -8037.527694 -13.547111 1508.117730 -0.055001 0.529878 0.280467 0.798463
1305031462.127739 -8033.120301 44.029341 1483.956107 -0.057239 0.528509 0.289453 0.796002
1305031462.159646 -8036.282902 44.051151 1482.389813 -0.063069 0.529590 0.298669 0.791425
1305031462.191641 -8046.702141 101.835321 1455.846567 -0.065691 0.528909 0.298615 0.791687
1305031462.227633 -8066.895155 137.258750 1450.866982 -0.071973 0.531329 0.300732 0.788714
1305031462.259765 -8089.907199 192.947510 1428.862609 -0.078380 0.529956 0.299197 0.789610
1305031462.291629 -8107.560243 234.068230 1430.944770 -0.086913 0.528763 0.296533 0.790521
1305031462.327540 -8118.602588 285.673493 1410.704091 -0.095931 0.526456 0.292645 0.792465
1305031462.359732 -8141.755050 333.954908 1421.714504 -0.106054 0.527968 0.288517 0.791682
1305031462.391695 -8183.502037 402.608571 1424.910736 -0.117000 0.525088 0.283632 0.793818
1305031462.427635 -8212.683162 448.398690 1409.468360 -0.128871 0.519298 0.280713 0.796820
1305031462.459897 -8246.052372 509.290716 1418.810094 -0.139786 0.514244 0.275400 0.800105
1305031462.492008 -8272.589364 519.514961 1421.493375 -0.156027 0.508914 0.275042 0.800633
1305031462.527670 -8272.589364 519.514961 1421.493375 -0.156027 0.508914 0.275042 0.800633
1305031462.559862 -8278.702718 566.775875 1378.721128 -0.163833 0.498361 0.269469 0.807577
1305031462.591862 -8283.225315 633.661616 1314.015424 -0.166054 0.490179 0.260668 0.814986
1305031462.627851 -8301.244222 605.413899 1321.219005 -0.176414 0.489389 0.255678 0.814865
1305031462.659660 -8329.317562 600.922729 1295.396592 -0.182596 0.487489 0.247077 0.817292
1305031462.692548 -8387.559265 633.665600 1269.168422 -0.183497 0.486076 0.234990 0.821486
1305031462.727652 -8425.993569 666.980964 1218.433390 -0.186660 0.478211 0.225215 0.828100
1305031462.759782 -8429.493156 743.993069 1128.215070 -0.187354 0.466209 0.213562 0.837818
1305031462.791943 -8431.019772 805.039978 1041.971222 -0.188874 0.457526 0.204872 0.844407
1305031462.827816 -8470.694036 816.467699 1005.721406 -0.195623 0.454793 0.201011 0.845275
1305031462.859782 -8470.694036 816.467699 1005.721406 -0.195623 0.454793 0.201011 0.845275
1305031462.891847 -8476.271079 866.183023 897.991038 -0.195574 0.450995 0.195114 0.848696
1305031462.927607 -8473.932194 907.818040 807.842545 -0.195207 0.449444 0.190782 0.850586
1305031462.959676 -8475.277822 923.839826 713.819164 -0.196212 0.444655 0.187697 0.853553
1305031462.995550 -8479.481701 894.785397 639.482071 -0.197979 0.439986 0.185784 0.855980
1305031463.027667 -8478.418122 922.501456 553.593208 -0.192408 0.434986 0.176957 0.861657
1305031463.059810 -8479.181593 960.658761 427.924600 -0.186237 0.423941 0.170034 0.869872
1305031463.095809 -8431.730161 997.821955 313.334634 -0.187351 0.413810 0.161138 0.876182
1305031463.127550 -8408.352512 1000.987403 222.034024 -0.186561 0.408305 0.151274 0.880681
1305031463.159787 -8408.352512 1000.987403 222.034024 -0.186561 0.408305 0.151274 0.880681
1305031463.195657 -8413.971844 1026.195568 121.296327 -0.187571 0.405427 0.142838 0.883201
1305031463.227784 -8393.861726 998.258823 63.203490 -0.193519 0.403879 0.139841 0.883106
1305031463.260034 -8397.095485 1000.604860 -24.682662 -0.189136 0.402917 0.133640 0.885452
1305031463.295737 -8409.598391 1045.594191 -120.175978 -0.185127 0.401765 0.124773 0.888113
1305031463.327739 -8357.211894 1042.597363 -193.337408 -0.188527 0.396315 0.122437 0.890169
1305031463.359750 -8311.556333 1036.798210 -264.048950 -0.184736 0.390296 0.119880 0.893963
1305031463.395630 -8263.956621 1092.513946 -367.439069 -0.178427 0.382251 0.114101 0.899460
1305031463.427716 -8202.689772 1087.860188 -451.495570 -0.179417 0.376923 0.111624 0.901820
1305031463.459756 -8133.230419 1121.226907 -533.548786 -0.177169 0.374199 0.108262 0.903806
1305031463.495629 -8069.274525 1150.997154 -609.095011 -0.177112 0.375256 0.104095 0.903869
1305031463.527670 -7997.397947 1164.292698 -670.409586 -0.175213 0.379329 0.099635 0.903041
1305031463.559751 -8000.523420 1170.702944 -751.146615 -0.171245 0.383787 0.096293 0.902281
1305031463.595600 -7956.726759 1169.179946 -826.914422 -0.171467 0.381663 0.096766 0.903088
1305031463.627588 -7956.726759 1169.179946 -826.914422 -0.171467 0.381663 0.096766 0.903088
1305031463.659766 -7890.272010 1162.304756 -909.835678 -0.161654 0.380444 0.092825 0.905822
1305031463.695640 -7825.220578 1142.452963 -1038.626882 -0.158466 0.374035 0.091723 0.909161
1305031463.727588 -7723.188114 1080.214304 -1133.198819 -0.162330 0.369484 0.091504 0.910361
1305031463.759674 -7680.909449 944.528561 -1221.820007 -0.165155 0.370595 0.087806 0.909766
1305031463.795647 -7661.381492 933.500532 -1325.941975 -0.158445 0.371254 0.074553 0.911870
1305031463.827761 -7603.441132 858.136184 -1419.323695 -0.161914 0.368707 0.065080 0.913019
1305031463.859910 -7568.995621 758.222143 -1491.078734 -0.164729 0.369204 0.054833 0.912988
1305031463.895648 -7546.048098 691.820322 -1599.920139 -0.162583 0.367965 0.045572 0.914380
1305031463.927664 -7516.005170 644.499099 -1666.648353 -0.162210 0.366287 0.039879 0.915386
1305031463.959680 -7461.585477 557.898227 -1765.122363 -0.163194 0.358534 0.035998 0.918436
1305031463.995821 -7429.636471 477.621901 -1862.016262 -0.161398 0.353418 0.031658 0.920893
1305031464.027703 -7401.418589 429.450291 -1957.705609 -0.160881 0.348201 0.023656 0.923209
1305031464.059652 -7372.979364 340.573767 -2024.769880 -0.163102 0.346066 0.015109 0.923801
1305031464.095634 -7384.421868 268.407823 -2080.259941 -0.160518 0.348082 0.006504 0.923596
1305031464.127681 -7379.490715 255.791902 -2135.466580 -0.155091 0.347067 0.001843 0.924926
1305031464.159817 -7386.762981 166.062383 -2162.205559 -0.154260 0.344241 -0.000280 0.926122
1305031464.195585 -7418.190157 129.818013 -2193.594138 -0.146218 0.338707 -0.007111 0.929434
1305031464.227624 -7423.923251 200.538952 -2179.145340 -0.134692 0.333224 -0.016272 0.933035
1305031464.259644 -7423.923251 200.538952 -2179.145340 -0.134692 0.333224 -0.016272 0.933035
1305031464.295667 -7380.453157 155.365370 -2249.332457 -0.136551 0.313890 -0.018194 0.939413
1305031464.327866 -7329.468088 95.785420 -2332.096308 -0.138563 0.298272 -0.020656 0.944144
1305031464.359684 -7272.032294 6.432617 -2399.704358 -0.138979 0.286099 -0.022581 0.947799
1305031464.395611 -7211.422411 -19.029482 -2492.737377 -0.135074 0.276508 -0.031122 0.950962
1305031464.427634 -7166.171251 -59.427211 -2572.653236 -0.135475 0.272929 -0.040235 0.951597
1305031464.459689 -7166.232825 -135.128472 -2625.215807 -0.137136 0.270515 -0.048951 0.951640
1305031464.495633 -7078.536376 -197.515048 -2726.533174 -0.136576 0.264141 -0.053518 0.953264
1305031464.527574 -7041.359126 -237.857573 -2819.747104 -0.135986 0.261884 -0.061566 0.953485
1305031464.559703 -7000.387506 -312.151736 -2906.998895 -0.141305 0.257439 -0.072267 0.953171
1305031464.595698 -7000.387506 -312.151736 -2906.998895 -0.141305 0.257439 -0.072267 0.953171
1305031464.627672 -6961.489724 -430.030666 -3004.659455 -0.134012 0.264884 -0.083676 0.951249
1305031464.659749 -6943.534832 -507.810912 -3069.084319 -0.125921 0.273296 -0.098432 0.948559
1305031464.695663 -6863.055566 -504.185177 -2923.921802 -0.116131 0.272853 -0.123456 0.947008
1305031464.727652 -6863.055566 -504.185177 -2923.921802 -0.116131 0.272853 -0.123456 0.947008
1305031464.759740 -6863.055566 -504.185177 -2923.921802 -0.116131 0.272853 -0.123456 0.947008
1305031464.796021 -6863.055566 -504.185177 -2923.921802 -0.116131 0.272853 -0.123456 0.947008
1305031464.827759 -6863.055566 -504.185177 -2923.921802 -0.116131 0.272853 -0.123456 0.947008
1305031464.859654 -6863.055566 -504.185177 -2923.921802 -0.116131 0.272853 -0.123456 0.947008
1305031464.895817 -6863.055566 -504.185177 -2923.921802 -0.116131 0.272853 -0.123456 0.947008
1305031464.927799 -6863.055566 -504.185177 -2923.921802 -0.116131 0.272853 -0.123456 0.947008
1305031464.959763 -6863.055566 -504.185177 -2923.921802 -0.116131 0.272853 -0.123456 0.947008
1305031464.995687 -6863.055566 -504.185177 -2923.921802 -0.116131 0.272853 -0.123456 0.947008
1305031465.027823 -6792.254079 -472.293676 -2870.538560 -0.116375 0.268975 -0.145253 0.944993
1305031465.059749 -6792.254079 -472.293676 -2870.538560 -0.116375 0.268975 -0.145253 0.944993
1305031465.095700 -6792.254079 -472.293676 -2870.538560 -0.116375 0.268975 -0.145253 0.944993
1305031465.127664 -6679.941056 -470.752964 -2847.138229 -0.140220 0.253383 -0.151433 0.945095
1305031465.159842 -6564.242143 -389.507431 -2808.226852 -0.155437 0.242429 -0.150509 0.945735
1305031465.195564 -6476.294772 -454.082980 -2751.425841 -0.178193 0.229272 -0.155953 0.944119
1305031465.227907 -6344.370476 -338.294091 -2751.716326 -0.188805 0.219031 -0.156473 0.944402
1305031465.259807 -6251.974870 -304.035210 -2701.959214 -0.201816 0.211713 -0.151809 0.944141
1305031465.295623 -6138.499539 -197.877469 -2708.527343 -0.202296 0.204518 -0.139694 0.947488
1305031465.327674 -6049.345548 -107.457497 -2695.287474 -0.206376 0.196589 -0.123415 0.950542
1305031465.359948 -6049.345548 -107.457497 -2695.287474 -0.206376 0.196589 -0.123415 0.950542
1305031465.395586 -5928.763674 -81.551991 -2736.229915 -0.203648 0.180467 -0.108903 0.956085
1305031465.427697 -5786.944260 -50.570850 -2806.100678 -0.198990 0.167553 -0.095426 0.960845
1305031465.460125 -5653.652815 23.362735 -2896.477820 -0.191707 0.157210 -0.079510 0.965511
1305031465.495703 -5572.282040 128.252075 -2938.010804 -0.189845 0.153007 -0.068620 0.967388
1305031465.527622 -5465.325765 107.264743 -2964.023558 -0.194020 0.144195 -0.061452 0.968394
1305031465.559812 -5324.524102 140.481772 -3051.209864 -0.186311 0.133597 -0.054239 0.971853
1305031465.595599 -5196.369911 210.534870 -3154.440554 -0.177694 0.129005 -0.044597 0.974574
1305031465.627688 -5146.401890 259.293795 -3240.516955 -0.171713 0.128536 -0.036189 0.976055
1305031465.660060 -5061.721429 313.217827 -3322.496957 -0.165566 0.120379 -0.026671 0.978461
1305031465.695668 -5061.721429 313.217827 -3322.496957 -0.165566 0.120379 -0.026671 0.978461
1305031465.727682 -4956.563307 370.851885 -3417.652228 -0.156591 0.117815 -0.017726 0.980451
1305031465.759766 -4832.654015 443.068087 -3535.082198 -0.147241 0.112574 -0.008606 0.982636
1305031465.795937 -4705.779518 500.683034 -3621.112743 -0.141645 0.108993 -0.002604 0.983896
1305031465.827996 -4603.974629 536.914236 -3698.360168 -0.133449 0.106184 0.002006 0.985349
1305031465.859861 -4603.974629 536.914236 -3698.360168 -0.133449 0.106184 0.002006 0.985349
1305031465.895494 -4499.068039 624.777690 -3792.324242 -0.129829 0.111109 0.001934 0.985290
1305031465.927495 -4388.508937 666.749970 -3858.851360 -0.125232 0.117751 0.002642 0.985111
1305031465.959710 -4287.606991 746.639565 -3962.934114 -0.114342 0.124175 -0.002054 0.985648
1305031465.995753 -4212.509662 851.370770 -4040.221409 -0.107071 0.129543 -0.008908 0.985736
1305031466.027644 -4149.097615 928.057222 -4180.389059 -0.101047 0.131418 -0.012148 0.986089
1305031466.059757 -4088.386000 1034.718397 -4284.605300 -0.102185 0.133910 -0.011879 0.985639
1305031466.095840 -4053.928468 1099.544351 -4368.722841 -0.107148 0.134242 -0.011061 0.985077
1305031466.127640 -4058.410372 1179.159312 -4456.915372 -0.111756 0.136098 -0.007415 0.984344
1305031466.160428 -4026.591829 1225.893049 -4550.742278 -0.117129 0.132390 -0.003817 0.984245
1305031466.195833 -3993.632206 1288.429964 -4654.155286 -0.123917 0.124596 -0.000606 0.984439
1305031466.227951 -3894.927370 1301.349024 -4726.831007 -0.137795 0.113050 -0.000243 0.983988
1305031466.259815 -3771.025001 1270.433845 -4819.824546 -0.144140 0.105410 -0.004083 0.983919
1305031466.295737 -3690.890996 1288.727091 -4941.534071 -0.143483 0.106226 -0.016412 0.983798
1305031466.327702 -3654.058546 1314.372898 -5054.179103 -0.144126 0.115677 -0.028211 0.982370
1305031466.359829 -3703.795043 1316.274858 -5119.765353 -0.151421 0.131191 -0.034981 0.979100
1305031466.395784 -3654.967082 1238.433752 -5186.203708 -0.157304 0.133066 -0.039264 0.977756
1305031466.427819 -3636.244176 1260.763122 -5298.391859 -0.150922 0.131072 -0.044756 0.978795
1305031466.459790 -3587.398501 1251.816748 -5446.495170 -0.153875 0.125681 -0.048194 0.978879
1305031466.495809 -3471.302379 1244.169903 -5521.505288 -0.159582 0.120126 -0.044564 0.978835
1305031466.527538 -3349.959886 1251.655051 -5594.821236 -0.161205 0.120062 -0.044971 0.978558
1305031466.560353 -3349.959886 1251.655051 -5594.821236 -0.161205 0.120062 -0.044971 0.978558
1305031466.595936 -3254.532704 1290.396702 -5696.253146 -0.167416 0.117604 -0.047471 0.977695
1305031466.627549 -3254.532704 1290.396702 -5696.253146 -0.167416 0.117604 -0.047471 0.977695
1305031466.659688 -3179.853440 1312.859001 -5741.391811 -0.161252 0.120215 -0.054798 0.978030
1305031466.695822 -3120.333852 1366.420325 -5839.079758 -0.160020 0.118812 -0.064139 0.977836
1305031466.728074 -3005.425965 1340.553721 -5879.431106 -0.170430 0.113526 -0.071285 0.976209
1305031466.759637 -2902.231054 1287.207812 -5903.030161 -0.172961 0.110615 -0.078186 0.975569
1305031466.795604 -2844.884080 1331.391313 -5983.305112 -0.165082 0.109034 -0.085838 0.976469
1305031466.827879 -2769.580820 1361.966473 -6043.864266 -0.167190 0.104373 -0.088443 0.976387
1305031466.859665 -2723.307913 1310.088911 -6070.755102 -0.172286 0.100412 -0.087621 0.975991
1305031466.895694 -2678.678862 1308.652679 -6130.490665 -0.169207 0.090245 -0.087162 0.977562
1305031466.927756 -2593.591471 1311.131305 -6183.557151 -0.169072 0.074478 -0.087238 0.978906
1305031466.959728 -2479.340054 1277.441675 -6241.776336 -0.170035 0.061248 -0.086107 0.979756
1305031466.995712 -2395.108453 1273.395026 -6297.117713 -0.169521 0.055463 -0.087955 0.980026
1305031467.027843 -2321.051078 1258.478985 -6344.055617 -0.170530 0.050538 -0.091612 0.979782
1305031467.059700 -2226.956106 1258.421994 -6394.929741 -0.170579 0.046410 -0.093775 0.979773
1305031467.095687 -2164.097755 1251.180110 -6441.040158 -0.174143 0.044893 -0.099142 0.978688
1305031467.128974 -2106.826227 1225.371135 -6465.144997 -0.176862 0.040405 -0.108491 0.977403
1305031467.159660 -2038.420280 1217.568715 -6505.272245 -0.176379 0.035375 -0.116258 0.976792
1305031467.195663 -1987.320002 1215.435565 -6550.055362 -0.175786 0.030551 -0.119933 0.976618
1305031467.227704 -1919.773207 1214.677081 -6585.876881 -0.175546 0.021908 -0.123785 0.976412
1305031467.259694 -1850.750627 1195.445328 -6624.150320 -0.175376 0.015316 -0.127427 0.976100
1305031467.295846 -1792.599571 1190.544897 -6670.178755 -0.174235 0.009057 -0.132997 0.975639
1305031467.328008 -1727.653957 1190.600404 -6719.186967 -0.173213 0.002195 -0.136813 0.975333
1305031467.359654 -1664.565039 1206.086083 -6778.273403 -0.175468 -0.003987 -0.137786 0.974787
1305031467.395756 -1610.129749 1191.364912 -6825.770918 -0.182292 -0.011153 -0.140336 0.973114
1305031467.427783 -1541.878536 1152.142851 -6855.218755 -0.186359 -0.018043 -0.142345 0.971948
1305031467.459692 -1486.504247 1158.478232 -6907.253544 -0.185269 -0.024284 -0.143028 0.971920
1305031467.496058 -1425.778342 1156.568978 -6976.973653 -0.190146 -0.031255 -0.145908 0.970350
1305031467.527663 -1329.802685 1134.895531 -6977.063185 -0.197100 -0.037304 -0.148870 0.968296
1305031467.559763 -1263.120676 1107.602721 -6996.979926 -0.198290 -0.038978 -0.150760 0.967695
1305031467.595989 -1221.019309 1085.403693 -7040.290819 -0.198965 -0.038552 -0.149717 0.967735
1305031467.627532 -1184.543478 1030.119810 -7043.854325 -0.200448 -0.041208 -0.146577 0.967800
1305031467.659626 -1139.347643 871.656171 -7088.297576 -0.201771 -0.045059 -0.145303 0.967546
1305031467.695886 -1083.438319 812.120039 -7115.852390 -0.201419 -0.048846 -0.147968 0.967031
1305031467.727535 -1021.720059 764.094593 -7089.926426 -0.199979 -0.052439 -0.153087 0.966345
1305031467.759907 -965.185314 724.821433 -7052.401554 -0.196001 -0.055258 -0.155414 0.966632
1305031467.796075 -921.362204 697.402566 -7035.842256 -0.193181 -0.057783 -0.158723 0.966514
1305031467.827800 -870.749253 651.990440 -6968.805465 -0.190977 -0.060365 -0.160064 0.966573
1305031467.859729 -814.990175 631.317502 -6919.421405 -0.183643 -0.064467 -0.157287 0.968184
1305031467.895947 -695.509690 751.409986 -6791.551927 -0.171554 -0.075516 -0.156617 0.969710
1305031467.927754 -631.332799 768.533540 -6694.113868 -0.167948 -0.084547 -0.157108 0.969517
1305031467.959826 -580.249526 727.588784 -6624.998516 -0.163595 -0.089660 -0.157096 0.969803
1305031467.995754 -498.032139 740.099044 -6589.263208 -0.159550 -0.093470 -0.160296 0.969594
1305031468.028107 -441.360379 704.379023 -6481.180752 -0.163323 -0.095015 -0.162866 0.968387
1305031468.059850 -400.400823 655.831878 -6391.954302 -0.160435 -0.097883 -0.165563 0.968126
1305031468.095867 -339.950217 638.561028 -6329.168904 -0.158942 -0.102168 -0.167914 0.967525
1305031468.127816 -268.389228 576.790234 -6229.988026 -0.162711 -0.105679 -0.168076 0.966492
1305031468.159864 -213.181843 555.329550 -6137.119851 -0.161226 -0.108684 -0.170689 0.965950
1305031468.195985 -140.043255 507.852615 -6060.112508 -0.163322 -0.110760 -0.174113 0.964750
1305031468.228158 -87.161062 457.995998 -5961.801308 -0.166025 -0.109807 -0.172831 0.964628
1305031468.259754 -5.241606 393.866110 -5855.043629 -0.167843 -0.109541 -0.171045 0.964662
1305031468.295830 45.721830 332.218170 -5757.835450 -0.170241 -0.107800 -0.172262 0.964222
1305031468.327847 78.689712 234.440084 -5654.958400 -0.171953 -0.104759 -0.171072 0.964465
1305031468.359787 134.320874 185.062578 -5580.635865 -0.168730 -0.101395 -0.168036 0.965926
1305031468.395860 148.744702 208.754139 -5499.824328 -0.168237 -0.097793 -0.168990 0.966217
1305031468.428025 146.220059 136.772461 -5424.710516 -0.173642 -0.095198 -0.167906 0.965709
1305031468.459759 189.426675 55.865269 -5353.211395 -0.175759 -0.095672 -0.165496 0.965695
1305031468.495809 211.531228 -16.526444 -5294.006557 -0.179825 -0.092822 -0.165948 0.965147
1305031468.527756 210.983251 -122.425839 -5212.135829 -0.183589 -0.091524 -0.170764 0.963721
1305031468.559739 207.576941 -202.435682 -5141.849103 -0.180307 -0.093512 -0.178629 0.962723
1305031468.595768 206.751212 -232.683043 -5132.062332 -0.177072 -0.094650 -0.184622 0.962082
1305031468.627626 198.875084 -306.209061 -5057.647230 -0.185754 -0.095200 -0.183906 0.960526
1305031468.659579 158.083370 -423.273314 -4986.575272 -0.191229 -0.096725 -0.184002 0.959281
1305031468.695835 116.144741 -518.920379 -4936.037392 -0.189857 -0.101771 -0.187368 0.958379
1305031468.727785 111.875187 -565.797110 -4890.382545 -0.185741 -0.108471 -0.187777 0.958370
1305031468.759628 96.912789 -611.702556 -4824.851696 -0.185120 -0.112761 -0.187529 0.958044
1305031468.795796 86.464360 -715.336501 -4755.152353 -0.185357 -0.115922 -0.191484 0.956838
1305031468.829247 65.253506 -769.892605 -4710.402737 -0.178798 -0.119144 -0.198337 0.956294
1305031468.859659 97.211266 -796.050868 -4673.921116 -0.176931 -0.120597 -0.202461 0.955595
1305031468.895873 81.183155 -820.753748 -4611.233611 -0.179972 -0.115045 -0.205303 0.955105
1305031468.928141 65.323675 -844.787448 -4569.688868 -0.184170 -0.106846 -0.202756 0.955801
1305031468.959594 42.953660 -849.938874 -4558.429920 -0.189791 -0.098274 -0.200816 0.956031
1305031468.995711 57.362555 -794.011652 -4590.068798 -0.200924 -0.093736 -0.203207 0.953703
1305031469.027699 74.231803 -812.421471 -4498.075154 -0.222776 -0.091641 -0.203777 0.948919
1305031469.059832 34.795498 -829.839496 -4434.233151 -0.237815 -0.088977 -0.208153 0.944563
1305031469.095723 80.689637 -818.306628 -4372.256114 -0.249517 -0.092271 -0.215740 0.939512
1305031469.127679 91.584857 -841.997854 -4278.758105 -0.256340 -0.091271 -0.225490 0.935475
1305031469.159703 116.339336 -847.113634 -4206.567438 -0.267583 -0.083971 -0.232809 0.931208
1305031469.195540 99.437627 -854.621340 -4131.147726 -0.277041 -0.073996 -0.239379 0.927615
1305031469.227754 68.930628 -850.071484 -4076.729547 -0.282522 -0.066579 -0.244288 0.925242
1305031469.259586 116.121069 -829.339403 -3995.355265 -0.288949 -0.067321 -0.246813 0.922529
1305031469.296754 192.777958 -830.888751 -3939.944049 -0.293770 -0.066813 -0.249765 0.920246
1305031469.327618 206.172128 -774.421443 -3910.766402 -0.298211 -0.062611 -0.250369 0.918948
1305031469.359592 248.232343 -768.603939 -3848.197656 -0.306760 -0.059709 -0.253836 0.915369
1305031469.395695 284.661314 -754.895355 -3789.435080 -0.309465 -0.049733 -0.261283 0.912957
1305031469.427651 295.273912 -707.454737 -3757.491053 -0.309145 -0.039008 -0.271001 0.910750
1305031469.459668 290.171109 -632.689910 -3707.389727 -0.309704 -0.029880 -0.280771 0.907942
1305031469.495744 295.677733 -597.869607 -3658.869309 -0.312132 -0.025195 -0.285422 0.905800
1305031469.527622 297.011586 -503.388459 -3643.646611 -0.313398 -0.023231 -0.284885 0.905584
1305031469.559645 320.855448 -433.459943 -3600.015038 -0.319522 -0.023729 -0.284083 0.903681
1305031469.595755 354.136534 -374.164505 -3563.353897 -0.328185 -0.023554 -0.281012 0.901539
1305031469.627752 370.260563 -285.250841 -3553.209016 -0.334510 -0.019196 -0.279594 0.899756
1305031469.659590 392.781933 -266.585485 -3490.033241 -0.343092 -0.015562 -0.279957 0.896476
1305031469.695613 404.276689 -194.230617 -3458.558104 -0.348217 -0.010247 -0.279007 0.894871
1305031469.727679 411.574659 -159.032498 -3449.463279 -0.354352 -0.003342 -0.279340 0.892409
1305031469.759599 420.513370 -84.867749 -3427.383353 -0.361989 0.002151 -0.278242 0.889686
1305031469.795621 387.004918 27.459598 -3397.131882 -0.367047 0.008209 -0.277080 0.887939
1305031469.827526 388.245189 86.037287 -3363.526543 -0.375225 0.007217 -0.272671 0.885892
1305031469.859574 378.029918 134.158878 -3346.512401 -0.385378 0.006745 -0.268835 0.882704
1305031469.895755 347.224503 185.484678 -3301.396492 -0.396434 0.007596 -0.265929 0.878672
1305031469.927854 304.463366 285.518323 -3278.954065 -0.399511 0.009734 -0.264135 0.877798
1305031469.959805 249.606476 362.318093 -3254.389506 -0.403884 0.009548 -0.263596 0.875959
1305031469.995551 232.522248 460.522364 -3264.522866 -0.403954 0.008017 -0.260129 0.876978
1305031470.027694 190.114062 550.701151 -3278.324739 -0.406900 0.008206 -0.255376 0.877011
1305031470.059638 147.909072 604.818109 -3256.854936 -0.412840 0.006732 -0.256389 0.873947
1305031470.095944 95.832432 686.872819 -3281.204128 -0.412998 0.009397 -0.255336 0.874155
1305031470.127633 40.953073 742.994264 -3303.341304 -0.418416 0.012693 -0.251592 0.872621
1305031470.159626 -1.787717 800.044639 -3295.324329 -0.425364 0.011836 -0.246098 0.870839
1305031470.196092 -43.814502 844.481211 -3296.641307 -0.429458 0.009639 -0.242852 0.869768
1305031470.227618 -110.033903 867.531687 -3305.201120 -0.437717 0.012795 -0.239019 0.866666
1305031470.259965 -161.972247 912.485052 -3319.797031 -0.443519 0.013811 -0.235375 0.864696
1305031470.295718 -222.360606 984.130300 -3352.145279 -0.446673 0.017309 -0.232067 0.863903
1305031470.327644 -280.659787 1043.050390 -3361.054869 -0.453961 0.019312 -0.227013 0.861401
1305031470.359624 -352.800286 1115.729309 -3388.231930 -0.456983 0.023215 -0.220680 0.861352
1305031470.395823 -417.091454 1163.282691 -3399.045176 -0.461637 0.024025 -0.216673 0.859865
1305031470.427641 -486.647534 1223.731045 -3415.444468 -0.462427 0.024357 -0.216606 0.859447
1305031470.459721 -540.076664 1251.301565 -3413.337781 -0.465358 0.021099 -0.215261 0.858289
1305031470.495686 -612.753221 1272.316735 -3431.011186 -0.466025 0.021469 -0.215883 0.857761
1305031470.527689 -661.299098 1307.000160 -3444.689080 -0.465848 0.019395 -0.215074 0.858110
1305031470.559677 -674.240583 1395.854993 -3483.537792 -0.458193 0.015905 -0.215350 0.862224
1305031470.595760 -673.502715 1472.675149 -3507.638401 -0.451287 0.010767 -0.213303 0.866444
1305031470.627729 -738.333519 1521.820243 -3517.036014 -0.452460 0.015655 -0.209539 0.866676
1305031470.659690 -789.112361 1543.517232 -3515.715620 -0.455314 0.017448 -0.205201 0.866186
1305031470.695630 -833.788968 1570.825461 -3517.265507 -0.458282 0.017755 -0.201431 0.865499
1305031470.727654 -891.504540 1603.037538 -3507.445829 -0.458890 0.020434 -0.199744 0.865509
1305031470.759682 -908.264341 1648.892030 -3528.571726 -0.453928 0.022175 -0.196277 0.868869
1305031470.795615 -959.616379 1635.648894 -3500.089447 -0.462723 0.029066 -0.193885 0.864553
1305031470.827831 -1025.615314 1622.518699 -3479.829794 -0.465040 0.033560 -0.191987 0.863570
1305031470.859645 -1069.362219 1635.581422 -3474.348169 -0.460914 0.034305 -0.188901 0.866428
1305031470.895722 -1082.802675 1664.761235 -3501.237911 -0.451754 0.030846 -0.183576 0.872506
1305031470.927684 -1118.806042 1665.330157 -3486.639183 -0.449726 0.027826 -0.178683 0.874669
1305031470.959647 -1181.980986 1666.863528 -3462.176582 -0.443944 0.028516 -0.177831 0.877768
1305031470.995996 -1193.195642 1682.646698 -3479.607007 -0.432523 0.024001 -0.176911 0.883770
1305031471.027644 -1237.848521 1685.281074 -3478.918287 -0.423605 0.026296 -0.177805 0.887836
1305031471.059636 -1295.638883 1667.617000 -3476.529424 -0.416300 0.031920 -0.176419 0.891376
1305031471.095777 -1351.332100 1667.069948 -3479.791574 -0.408388 0.037290 -0.172387 0.895607
1305031471.127663 -1390.107242 1655.974656 -3474.281927 -0.403093 0.038680 -0.166870 0.898985
1305031471.159649 -1422.299248 1642.667593 -3471.076516 -0.398133 0.040314 -0.162750 0.901874
1305031471.195703 -1441.921267 1661.925321 -3483.590845 -0.391814 0.044084 -0.158101 0.905286
1305031471.227569 -1478.069470 1667.668548 -3479.298093 -0.390569 0.049618 -0.155602 0.905970
1305031471.259722 -1513.239273 1659.061580 -3465.385497 -0.392365 0.053381 -0.152789 0.905459
1305031471.296068 -1536.769494 1654.860935 -3448.541359 -0.391895 0.057051 -0.149350 0.906012
1305031471.327642 -1527.638790 1644.330179 -3453.739249 -0.387594 0.059429 -0.146064 0.908242
1305031471.359615 -1557.397274 1694.679425 -3501.392122 -0.376300 0.070634 -0.149048 0.911698
1305031471.395730 -1604.889556 1680.335170 -3473.611474 -0.378080 0.082124 -0.147502 0.910250
1305031471.427704 -1638.495934 1676.091230 -3475.958088 -0.373439 0.087359 -0.142536 0.912467
1305031471.459647 -1655.692790 1680.884332 -3492.205690 -0.370720 0.088190 -0.138452 0.914122
1305031471.496491 -1676.509955 1678.167918 -3492.989762 -0.371189 0.090190 -0.134580 0.914316
1305031471.527624 -1704.148262 1673.282278 -3497.888297 -0.370703 0.093195 -0.130784 0.914762
1305031471.559671 -1708.431538 1666.923885 -3509.493308 -0.370610 0.094386 -0.129037 0.914926
1305031471.595702 -1733.290818 1658.571692 -3505.287565 -0.371761 0.101151 -0.129892 0.913614
1305031471.627621 -1741.994464 1653.856599 -3516.392325 -0.370579 0.105821 -0.129391 0.913636
1305031471.659642 -1717.907904 1689.238301 -3518.231348 -0.364240 0.107249 -0.127068 0.916341
1305031471.695609 -1760.458069 1682.578565 -3530.550404 -0.362572 0.116340 -0.124800 0.916205
1305031471.727501 -1768.605160 1683.940928 -3547.188557 -0.362229 0.120960 -0.121176 0.916229
1305031471.759702 -1766.816436 1674.584082 -3547.597623 -0.363248 0.126931 -0.115912 0.915699
1305031471.795801 -1778.959802 1688.298578 -3572.373793 -0.358484 0.136246 -0.111832 0.916744
1305031471.827639 -1802.878136 1707.699236 -3591.928822 -0.358700 0.145259 -0.107281 0.915819
1305031471.859665 -1806.441700 1703.019272 -3591.429128 -0.362615 0.150258 -0.100603 0.914227
1305031471.895604 -1817.700178 1723.716418 -3613.882125 -0.362887 0.157334 -0.094741 0.913555
1305031471.927651 -1818.252283 1738.419976 -3619.871829 -0.367010 0.162895 -0.090969 0.911314
1305031471.959643 -1823.166003 1718.439593 -3597.507940 -0.372227 0.170160 -0.088271 0.908130
1305031471.995573 -1863.403789 1766.346261 -3641.802346 -0.365995 0.181893 -0.089205 0.908298
1305031472.027638 -1896.926438 1767.111889 -3626.804661 -0.375214 0.191435 -0.087232 0.902750
1305031472.059668 -1923.381882 1761.003548 -3600.810087 -0.379818 0.198724 -0.086917 0.899273
1305031472.095601 -1934.900422 1788.097739 -3620.924401 -0.375431 0.204503 -0.083567 0.900137
1305031472.127594 -1954.648158 1822.658344 -3620.611135 -0.378852 0.209684 -0.080871 0.897755
1305031472.159645 -1966.169565 1799.537011 -3576.864936 -0.387532 0.211738 -0.078385 0.893779
1305031472.195682 -1977.690308 1801.512332 -3575.987891 -0.383367 0.213730 -0.074820 0.895405
1305031472.227626 -1977.690308 1801.512332 -3575.987891 -0.383367 0.213730 -0.074820 0.895405
1305031472.263840 -1977.690308 1801.512332 -3575.987891 -0.383367 0.213730 -0.074820 0.895405
1305031472.295671 -1985.741949 1810.599245 -3579.762486 -0.375384 0.216464 -0.075374 0.898080
1305031472.327678 -2005.363077 1831.950617 -3603.460772 -0.366846 0.219085 -0.076731 0.900854
1305031472.363577 -2017.891603 1832.283073 -3611.727002 -0.365908 0.220160 -0.075760 0.901056
1305031472.395599 -2028.989481 1812.746308 -3596.098174 -0.368279 0.220106 -0.072947 0.900335
1305031472.427686 -2033.996461 1788.787772 -3587.065089 -0.369046 0.218142 -0.072044 0.900571
1305031472.463603 -2015.919587 1780.881469 -3590.912846 -0.367322 0.214628 -0.072178 0.902108
1305031472.495626 -1945.364311 1768.896078 -3605.045562 -0.367616 0.207626 -0.069716 0.903819
1305031472.527625 -1954.964788 1750.887179 -3579.504214 -0.369433 0.212568 -0.070014 0.901905
1305031472.563587 -1976.244602 1726.947702 -3562.168209 -0.366241 0.216012 -0.068877 0.902476
1305031472.595675 -1972.180184 1740.943029 -3582.441651 -0.358338 0.215557 -0.067029 0.905890
1305031472.627701 -1954.608737 1725.821963 -3577.966228 -0.358625 0.215009 -0.063292 0.906175
1305031472.663575 -1949.619997 1701.443370 -3561.150482 -0.360316 0.215850 -0.061773 0.905409
1305031472.695755 -1943.163003 1691.978925 -3553.342164 -0.358320 0.216701 -0.060442 0.906087
1305031472.727628 -1931.063172 1671.187688 -3544.200991 -0.357653 0.215577 -0.059884 0.906656
1305031472.763578 -1923.737239 1657.334512 -3541.124739 -0.356579 0.215698 -0.061144 0.906966
1305031472.795640 -1917.273772 1642.891142 -3529.089039 -0.356227 0.216520 -0.063581 0.906741
1305031472.827627 -1904.055807 1624.310628 -3523.691066 -0.355169 0.216415 -0.063648 0.907176
1305031472.863598 -1901.543174 1612.937916 -3518.026625 -0.354173 0.216781 -0.063035 0.907521
1305031472.895713 -1905.198661 1609.799552 -3519.042833 -0.353554 0.217122 -0.060885 0.907827
1305031472.927685 -1896.643942 1594.194125 -3507.367256 -0.355648 0.217027 -0.057979 0.907222
1305031472.963756 -1894.747890 1598.745018 -3514.543242 -0.353822 0.217698 -0.057628 0.907798
1305031472.995704 -1895.473829 1604.507751 -3511.995653 -0.354251 0.218224 -0.056866 0.907552
1305031473.027638 -1871.260998 1578.459893 -3510.324922 -0.358484 0.214730 -0.054183 0.906887
1305031473.063684 -1855.691207 1564.606175 -3501.545649 -0.361593 0.213241 -0.053475 0.906046
1305031473.095695 -1846.056282 1562.479434 -3500.653476 -0.361978 0.213286 -0.055410 0.905766
1305031473.127744 -1862.233965 1568.491278 -3501.337000 -0.361370 0.216356 -0.058142 0.905109
1305031473.167060 -1866.184784 1584.660910 -3510.366464 -0.358881 0.216257 -0.060510 0.905967
1305031473.196069 -1858.236513 1575.321491 -3510.712451 -0.359515 0.214932 -0.058778 0.906145
30
2.950004
