1305031790.645155 0.000000 0.000000 0.000000 0.000000 0.000000 0.000000 1.000000
1305031790.681208 21.686175 24.756387 -16.970445 -0.011643 0.001501 0.002210 0.999929
1305031790.713097 49.862079 54.055707 -2.060325 -0.023410 0.001172 0.006353 0.999705
1305031790.745223 74.242071 63.146406 1.859464 -0.034331 0.002754 0.010250 0.999354
1305031790.781258 96.201801 102.737468 -2.737269 -0.043411 0.005362 0.016887 0.998900
1305031790.813207 126.238660 139.353334 -10.673363 -0.056416 0.007113 0.024968 0.998070
1305031790.845151 147.491361 135.363003 -7.103296 -0.072473 0.010174 0.030950 0.996838
1305031790.882094 182.411674 128.635436 -8.850274 -0.085454 0.014528 0.035910 0.995589
1305031790.913129 201.855173 124.748788 -9.228341 -0.094863 0.021198 0.041967 0.994379
1305031790.945171 216.007047 126.775790 -7.099393 -0.102050 0.028516 0.048472 0.993188
1305031790.981159 199.059488 103.539776 30.702019 -0.107001 0.036093 0.053353 0.992170
1305031791.013075 199.059488 103.539776 30.702019 -0.107001 0.036093 0.053353 0.992170
1305031791.045137 299.309460 71.164711 60.000262 -0.098419 0.035172 0.060890 0.992658
1305031791.081293 175.212348 110.412271 -21.790223 -0.082447 0.059420 0.073478 0.992105
1305031791.113136 176.280159 69.146886 25.117795 -0.064976 0.078452 0.071411 0.992232
1305031791.145096 176.280159 69.146886 25.117795 -0.064976 0.078452 0.071411 0.992232
1305031791.181287 176.280159 69.146886 25.117795 -0.064976 0.078452 0.071411 0.992232
1305031791.213098 176.280159 69.146886 25.117795 -0.064976 0.078452 0.071411 0.992232
1305031791.245087 176.280159 69.146886 25.117795 -0.064976 0.078452 0.071411 0.992232
1305031791.281340 176.280159 69.146886 25.117795 -0.064976 0.078452 0.071411 0.992232
1305031791.313088 176.280159 69.146886 25.117795 -0.064976 0.078452 0.071411 0.992232
1305031791.345123 176.280159 69.146886 25.117795 -0.064976 0.078452 0.071411 0.992232
1305031791.382161 93.464941 50.676703 -15.215088 -0.043141 0.100506 0.076885 0.991023
1305031791.413087 93.464941 50.676703 -15.215088 -0.043141 0.100506 0.076885 0.991023
1305031791.445165 142.446986 118.906977 -39.146005 -0.015645 0.109646 0.077405 0.990829
1305031791.481375 142.446986 118.906977 -39.146005 -0.015645 0.109646 0.077405 0.990829
1305031791.513084 142.446986 118.906977 -39.146005 -0.015645 0.109646 0.077405 0.990829
1305031791.545065 229.423563 267.707387 -69.065288 0.012050 0.111824 0.078081 0.990582
1305031791.581127 193.863181 267.136108 -99.459734 0.029816 0.120544 0.080111 0.989021
1305031791.613194 193.863181 267.136108 -99.459734 0.029816 0.120544 0.080111 0.989021
1305031791.645074 215.180564 246.130187 -104.987894 0.050739 0.124378 0.077577 0.987896
1305031791.681062 215.180564 246.130187 -104.987894 0.050739 0.124378 0.077577 0.987896
1305031791.713242 215.180564 246.130187 -104.987894 0.050739 0.124378 0.077577 0.987896
1305031791.745148 215.180564 246.130187 -104.987894 0.050739 0.124378 0.077577 0.987896
1305031791.781286 215.180564 246.130187 -104.987894 0.050739 0.124378 0.077577 0.987896
1305031791.813247 215.180564 246.130187 -104.987894 0.050739 0.124378 0.077577 0.987896
1305031791.845123 215.180564 246.130187 -104.987894 0.050739 0.124378 0.077577 0.987896
1305031791.881072 212.062888 230.928145 -85.973916 0.072064 0.137020 0.073718 0.985189
1305031791.913193 179.886479 300.486048 -3.276660 0.093529 0.144752 0.076373 0.982072
1305031791.948998 179.886479 300.486048 -3.276660 0.093529 0.144752 0.076373 0.982072
1305031791.981259 196.770991 480.854688 46.641217 0.119065 0.149600 0.073764 0.978776
1305031792.013213 268.438578 503.027793 80.469566 0.139250 0.151831 0.073021 0.975820
1305031792.050221 126.139974 544.785726 57.197379 0.157859 0.162503 0.065679 0.971782
1305031792.081058 110.300373 498.354654 25.159439 0.165382 0.165788 0.064468 0.970055
1305031792.113127 -7.850027 397.281681 -16.547996 0.170749 0.174473 0.065598 0.967523
1305031792.149109 -42.479844 418.315635 -49.875268 0.179304 0.177126 0.064082 0.965593
1305031792.181099 -74.953274 532.020598 15.207441 0.192114 0.180610 0.056802 0.962936
1305031792.213166 -119.636559 453.978662 -39.155166 0.195156 0.185402 0.052934 0.961633
1305031792.249088 -167.924341 597.094022 -21.054227 0.208077 0.184284 0.070593 0.957998
1305031792.281069 -167.924341 597.094022 -21.054227 0.208077 0.184284 0.070593 0.957998
1305031792.313073 -167.924341 597.094022 -21.054227 0.208077 0.184284 0.070593 0.957998
1305031792.349198 -189.412828 554.451576 -106.152694 0.196924 0.183387 0.073763 0.960286
1305031792.381062 -189.412828 554.451576 -106.152694 0.196924 0.183387 0.073763 0.960286
1305031792.413074 -189.412828 554.451576 -106.152694 0.196924 0.183387 0.073763 0.960286
1305031792.449168 -217.140589 549.452231 -126.036516 0.182311 0.183504 0.081311 0.962537
1305031792.481098 -217.140589 549.452231 -126.036516 0.182311 0.183504 0.081311 0.962537
1305031792.513052 -217.140589 549.452231 -126.036516 0.182311 0.183504 0.081311 0.962537
1305031792.549157 -164.566060 487.841257 -174.210789 0.157802 0.180039 0.091288 0.966618
1305031792.581136 -73.104338 476.400624 -164.460597 0.136277 0.177506 0.095892 0.969910
1305031792.613102 -73.104338 476.400624 -164.460597 0.136277 0.177506 0.095892 0.969910
1305031792.649254 -73.104338 476.400624 -164.460597 0.136277 0.177506 0.095892 0.969910
1305031792.681063 68.840356 467.048799 -229.548587 0.113906 0.174765 0.096952 0.973182
1305031792.713116 31.841478 515.452057 -298.938984 0.094117 0.178310 0.101654 0.974174
1305031792.749097 31.841478 515.452057 -298.938984 0.094117 0.178310 0.101654 0.974174
1305031792.781106 31.841478 515.452057 -298.938984 0.094117 0.178310 0.101654 0.974174
1305031792.813144 31.841478 515.452057 -298.938984 0.094117 0.178310 0.101654 0.974174
1305031792.849022 34.178937 545.132812 -349.507623 0.077283 0.180825 0.103170 0.975031
1305031792.881064 -54.328438 675.458346 -290.254425 0.064344 0.188544 0.108482 0.973932
1305031792.913316 -54.328438 675.458346 -290.254425 0.064344 0.188544 0.108482 0.973932
1305031792.949047 -76.857291 568.071387 -237.995094 0.041487 0.191058 0.116795 0.973722
1305031792.981139 -197.556467 410.434500 -157.348627 0.016047 0.197784 0.128315 0.971679
1305031793.013059 -169.474642 561.107659 -133.673906 0.004142 0.196813 0.136416 0.970895
1305031793.049115 -44.184268 619.658342 -51.563260 -0.009165 0.193794 0.142566 0.970585
1305031793.081172 -5.127839 770.685895 48.132267 -0.016983 0.197589 0.146777 0.969085
1305031793.113126 -5.127839 770.685895 48.132267 -0.016983 0.197589 0.146777 0.969085
1305031793.149098 75.017399 809.705982 42.891986 -0.027835 0.201730 0.151604 0.967236
1305031793.181113 72.324817 725.003086 60.920829 -0.044000 0.210654 0.155677 0.964082
1305031793.213203 90.002854 771.289571 67.856074 -0.054501 0.218366 0.159487 0.961202
1305031793.249128 125.479514 828.188360 68.148324 -0.064946 0.224893 0.162882 0.958475
1305031793.281300 167.792937 897.686652 86.798747 -0.074831 0.230733 0.164854 0.956026
1305031793.313159 167.792937 897.686652 86.798747 -0.074831 0.230733 0.164854 0.956026
1305031793.349110 171.367749 979.105550 89.900813 -0.084041 0.236653 0.170455 0.952826
1305031793.381139 152.975180 1019.896304 124.151782 -0.094559 0.242799 0.176496 0.949187
1305031793.413790 206.864046 1009.087173 139.260184 -0.108432 0.246690 0.183017 0.945458
1305031793.449092 241.749697 953.076175 149.709149 -0.122604 0.251604 0.189791 0.941086
1305031793.481359 213.115533 961.766535 203.592446 -0.135215 0.260163 0.197265 0.935478
1305031793.513246 214.985016 1011.650999 248.245339 -0.144894 0.266132 0.204775 0.930724
1305031793.549071 253.369680 960.157641 277.463091 -0.159886 0.269819 0.212670 0.925422
1305031793.581157 246.757192 926.688922 339.491425 -0.173943 0.276583 0.222474 0.918559
1305031793.613153 266.426291 992.139169 338.637363 -0.183387 0.280217 0.234753 0.912545
1305031793.649429 292.383192 978.850517 375.906392 -0.197217 0.283182 0.244001 0.906298
1305031793.681107 292.383192 978.850517 375.906392 -0.197217 0.283182 0.244001 0.906298
1305031793.713169 296.665962 978.728421 421.591987 -0.209756 0.286951 0.255035 0.899232
1305031793.749040 319.130935 1031.141803 423.684589 -0.220173 0.288074 0.265911 0.893212
1305031793.781106 341.939975 1111.643052 425.342316 -0.230254 0.288967 0.274886 0.887648
1305031793.813185 379.583129 1134.418258 451.886973 -0.242057 0.290534 0.284056 0.881085
1305031793.849143 407.934447 1185.914136 455.304721 -0.249629 0.292463 0.292886 0.875425
1305031793.881130 407.934447 1185.914136 455.304721 -0.249629 0.292463 0.292886 0.875425
1305031793.913043 407.934447 1185.914136 455.304721 -0.249629 0.292463 0.292886 0.875425
1305031793.949037 407.934447 1185.914136 455.304721 -0.249629 0.292463 0.292886 0.875425
1305031793.981122 426.100567 1227.862502 460.468206 -0.253981 0.294206 0.300047 0.871153
1305031794.013091 475.163301 1251.871120 464.020104 -0.258264 0.296168 0.307406 0.866652
1305031794.049085 509.648444 1243.888578 483.337505 -0.262255 0.298778 0.312564 0.862704
1305031794.081104 508.407580 1245.380823 496.005952 -0.263622 0.302212 0.316758 0.859556
1305031794.113117 536.661926 1251.417356 493.268875 -0.263960 0.303355 0.321112 0.857431
1305031794.149250 597.635709 1232.314916 481.290800 -0.263461 0.303672 0.324641 0.856143
1305031794.181114 638.275630 1233.345136 472.771184 -0.260573 0.306365 0.325393 0.855781
1305031794.213850 638.275630 1233.345136 472.771184 -0.260573 0.306365 0.325393 0.855781
1305031794.249049 638.275630 1233.345136 472.771184 -0.260573 0.306365 0.325393 0.855781
1305031794.281224 638.275630 1233.345136 472.771184 -0.260573 0.306365 0.325393 0.855781
1305031794.313689 638.275630 1233.345136 472.771184 -0.260573 0.306365 0.325393 0.855781
1305031794.349120 638.275630 1233.345136 472.771184 -0.260573 0.306365 0.325393 0.855781
1305031794.381128 638.275630 1233.345136 472.771184 -0.260573 0.306365 0.325393 0.855781
1305031794.414141 607.425058 1250.349102 421.188117 -0.247207 0.311072 0.316724 0.861283
1305031794.448978 612.594657 1190.506887 412.871391 -0.238720 0.315437 0.309442 0.864730
1305031794.481048 634.795866 1106.563528 386.462129 -0.227056 0.319880 0.306602 0.867247
1305031794.513623 605.243051 1073.357786 369.036075 -0.210746 0.325787 0.305068 0.869703
1305031794.549055 599.294675 1031.348017 340.876157 -0.198146 0.331183 0.301982 0.871701
1305031794.581098 619.120807 963.061771 308.318121 -0.185809 0.338867 0.299203 0.872423
1305031794.613605 635.695539 936.559453 245.053858 -0.171632 0.348481 0.293568 0.873453
1305031794.649050 683.147430 893.646757 169.127672 -0.159276 0.358855 0.286364 0.873985
1305031794.681066 665.016622 787.792969 180.962033 -0.148910 0.375276 0.276826 0.871987
1305031794.713569 678.962019 707.264137 137.097851 -0.137678 0.392103 0.268400 0.869058
1305031794.749055 678.962019 707.264137 137.097851 -0.137678 0.392103 0.268400 0.869058
1305031794.781053 678.962019 707.264137 137.097851 -0.137678 0.392103 0.268400 0.869058
1305031794.813436 678.962019 707.264137 137.097851 -0.137678 0.392103 0.268400 0.869058
1305031794.849048 678.962019 707.264137 137.097851 -0.137678 0.392103 0.268400 0.869058
1305031794.881088 678.962019 707.264137 137.097851 -0.137678 0.392103 0.268400 0.869058
1305031794.913315 678.962019 707.264137 137.097851 -0.137678 0.392103 0.268400 0.869058
1305031794.948993 622.164269 676.524352 91.513540 -0.120893 0.409207 0.253295 0.868203
1305031794.981050 635.006771 600.937970 58.223007 -0.108259 0.423700 0.244998 0.865294
1305031795.013529 597.521352 573.412126 31.847842 -0.094576 0.437215 0.237644 0.862220
1305031795.049021 545.493501 569.945177 -15.629523 -0.084045 0.447539 0.233271 0.859203
1305031795.081170 616.528421 550.886315 -96.484158 -0.078499 0.453640 0.231745 0.856938
1305031795.113213 616.528421 550.886315 -96.484158 -0.078499 0.453640 0.231745 0.856938
1305031795.149077 658.143768 508.790360 -178.977515 -0.061551 0.464205 0.225209 0.854404
1305031795.181142 672.756749 443.440562 -241.766558 -0.048114 0.475853 0.220615 0.850046
1305031795.213481 736.425643 364.086410 -314.800448 -0.036021 0.484658 0.219258 0.846011
1305031795.249044 775.945018 354.810732 -398.122732 -0.022971 0.490781 0.216719 0.843587
1305031795.281099 775.945018 354.810732 -398.122732 -0.022971 0.490781 0.216719 0.843587
1305031795.312920 788.654371 322.340030 -410.058501 -0.013418 0.501178 0.211084 0.839098
1305031795.349100 728.809763 421.367423 -477.605869 0.001663 0.511100 0.203505 0.835081
1305031795.381002 762.560713 342.717706 -654.588150 0.006794 0.518461 0.198570 0.831698
1305031795.413224 705.297771 419.673553 -659.169395 0.017668 0.533944 0.191818 0.823285
1305031795.449070 759.970884 420.759846 -781.249388 0.022987 0.543528 0.189683 0.817355
1305031795.481096 790.260862 435.363545 -892.491444 0.027215 0.553227 0.185671 0.811619
1305031795.513242 793.078706 360.908351 -901.539246 0.028639 0.565293 0.182361 0.803970
1305031795.549114 834.665638 371.347501 -987.793142 0.031932 0.572726 0.178573 0.799423
1305031795.581136 817.943843 461.209035 -950.221125 0.037049 0.583024 0.171099 0.793370
1305031795.613267 786.108675 410.960081 -838.084626 0.036726 0.596453 0.164249 0.784804
1305031795.649064 794.167764 345.537154 -748.486484 0.038562 0.608869 0.158805 0.776255
1305031795.681015 794.167764 345.537154 -748.486484 0.038562 0.608869 0.158805 0.776255
1305031795.713123 757.527921 387.989451 -643.854334 0.037754 0.617993 0.156351 0.769554
1305031795.749082 757.527921 387.989451 -643.854334 0.037754 0.617993 0.156351 0.769554
1305031795.781166 736.081339 469.650776 -624.392681 0.031035 0.625598 0.157235 0.763506
1305031795.813074 720.252708 542.740785 -561.124765 0.025723 0.634121 0.161860 0.755665
1305031795.849070 709.217818 400.926720 -364.714193 0.009603 0.643703 0.175985 0.744703
1305031795.881078 702.094314 523.332056 -310.745634 0.000450 0.646607 0.184366 0.740209
1305031795.913138 702.094314 523.332056 -310.745634 0.000450 0.646607 0.184366 0.740209
1305031795.949065 702.094314 523.332056 -310.745634 0.000450 0.646607 0.184366 0.740209
1305031795.981148 702.094314 523.332056 -310.745634 0.000450 0.646607 0.184366 0.740209
1305031796.013148 780.355331 505.733744 -288.928744 -0.013991 0.649252 0.199573 0.733790
1305031796.049088 749.504052 620.866406 -226.811185 -0.024441 0.652102 0.210872 0.727804
1305031796.081227 765.629087 754.894256 -200.316926 -0.037805 0.651885 0.223523 0.723639
1305031796.113719 808.678175 792.726956 -171.165240 -0.052583 0.651257 0.238844 0.718368
1305031796.149087 827.478795 833.799986 -198.661950 -0.063853 0.649924 0.254233 0.713363
1305031796.181009 850.218016 974.583510 -210.658810 -0.071903 0.649634 0.266241 0.708465
1305031796.213056 844.420284 996.307094 -227.492709 -0.084118 0.650075 0.280592 0.701138
1305031796.249114 863.150707 939.902115 -180.787853 -0.099956 0.654189 0.292025 0.690483
1305031796.281099 902.461225 920.194134 -164.251190 -0.109312 0.657454 0.305933 0.679860
1305031796.313206 1037.788428 780.035599 -106.501393 -0.126810 0.658700 0.323826 0.667211
1305031796.349054 1037.788428 780.035599 -106.501393 -0.126810 0.658700 0.323826 0.667211
1305031796.381169 1037.788428 780.035599 -106.501393 -0.126810 0.658700 0.323826 0.667211
1305031796.413114 1060.843720 857.682299 -5.522366 -0.135471 0.659996 0.335195 0.658557
1305031796.449049 1106.097249 831.988349 6.874961 -0.148884 0.657693 0.350683 0.649842
1305031796.481178 1117.298889 873.665360 -20.688287 -0.157508 0.655359 0.361110 0.644434
1305031796.513165 1063.799974 950.733953 -17.557387 -0.166757 0.654321 0.368325 0.639056
1305031796.549414 1055.535829 938.497571 22.468019 -0.180256 0.653642 0.379348 0.629567
1305031796.581120 1052.815023 964.832391 46.455274 -0.189658 0.652149 0.390476 0.621499
1305031796.613166 1018.725685 1003.701546 63.510011 -0.199116 0.648415 0.402370 0.614825
1305031796.649028 995.037170 978.270205 121.562290 -0.211553 0.642978 0.415628 0.607518
1305031796.681030 1030.541933 1105.254396 244.708977 -0.224945 0.638328 0.420828 0.604021
1305031796.713147 996.367132 1149.844925 235.476846 -0.231927 0.633368 0.432361 0.598430
1305031796.749469 945.175086 1196.172722 253.904545 -0.239293 0.630266 0.440783 0.592633
1305031796.781363 904.152032 1239.332411 257.685585 -0.246308 0.625627 0.451731 0.586397
1305031796.813481 862.523184 1251.076966 280.818183 -0.252991 0.622070 0.463021 0.578477
1305031796.849581 846.944537 1247.143678 298.600958 -0.258577 0.617981 0.475254 0.570413
1305031796.881184 802.421717 1337.316366 256.319184 -0.262866 0.610265 0.486594 0.567190
1305031796.913356 763.317083 1391.476472 252.395568 -0.268360 0.603637 0.497979 0.561802
1305031796.949588 763.317083 1391.476472 252.395568 -0.268360 0.603637 0.497979 0.561802
1305031796.981203 713.301171 1450.048855 243.835328 -0.274291 0.598172 0.506053 0.557553
1305031797.013522 669.793741 1505.700268 216.690080 -0.280968 0.592864 0.513156 0.553389
1305031797.049323 635.092809 1570.444235 197.078977 -0.288791 0.588918 0.518211 0.548847
1305031797.081390 597.686710 1603.118075 185.759959 -0.296437 0.585408 0.523632 0.543353
1305031797.113039 566.523642 1623.105154 169.453519 -0.303187 0.581168 0.531138 0.536856
1305031797.149544 566.523642 1623.105154 169.453519 -0.303187 0.581168 0.531138 0.536856
1305031797.181422 566.523642 1623.105154 169.453519 -0.303187 0.581168 0.531138 0.536856
1305031797.213700 566.523642 1623.105154 169.453519 -0.303187 0.581168 0.531138 0.536856
1305031797.249703 566.523642 1623.105154 169.453519 -0.303187 0.581168 0.531138 0.536856
1305031797.281270 566.523642 1623.105154 169.453519 -0.303187 0.581168 0.531138 0.536856
1305031797.313580 566.523642 1623.105154 169.453519 -0.303187 0.581168 0.531138 0.536856
1305031797.349646 575.414915 1658.793441 100.228163 -0.304907 0.575868 0.540348 0.532383
1305031797.381715 562.595941 1672.903901 99.130772 -0.307645 0.574341 0.545899 0.526765
1305031797.413427 524.229913 1678.484839 105.485496 -0.308019 0.574780 0.549259 0.522558
1305031797.449441 436.164407 1606.832072 131.306045 -0.309756 0.578115 0.547784 0.519391
1305031797.481228 431.077500 1602.508564 132.311028 -0.309274 0.578671 0.550827 0.515829
1305031797.513094 421.064415 1607.898312 120.912362 -0.308814 0.578643 0.552305 0.514554
1305031797.549579 452.738049 1614.404574 53.653180 -0.306096 0.578649 0.553233 0.515173
1305031797.581134 452.738049 1614.404574 53.653180 -0.306096 0.578649 0.553233 0.515173
1305031797.613380 452.738049 1614.404574 53.653180 -0.306096 0.578649 0.553233 0.515173
1305031797.649456 452.738049 1614.404574 53.653180 -0.306096 0.578649 0.553233 0.515173
1305031797.681479 452.738049 1614.404574 53.653180 -0.306096 0.578649 0.553233 0.515173
1305031797.713069 452.738049 1614.404574 53.653180 -0.306096 0.578649 0.553233 0.515173
1305031797.749314 452.738049 1614.404574 53.653180 -0.306096 0.578649 0.553233 0.515173
1305031797.781335 452.738049 1614.404574 53.653180 -0.306096 0.578649 0.553233 0.515173
1305031797.815809 452.738049 1614.404574 53.653180 -0.306096 0.578649 0.553233 0.515173
1305031797.849286 452.738049 1614.404574 53.653180 -0.306096 0.578649 0.553233 0.515173
1305031797.881089 452.738049 1614.404574 53.653180 -0.306096 0.578649 0.553233 0.515173
1305031797.917110 452.738049 1614.404574 53.653180 -0.306096 0.578649 0.553233 0.515173
1305031797.949860 452.738049 1614.404574 53.653180 -0.306096 0.578649 0.553233 0.515173
1305031797.981341 452.738049 1614.404574 53.653180 -0.306096 0.578649 0.553233 0.515173
1305031798.015014 452.738049 1614.404574 53.653180 -0.306096 0.578649 0.553233 0.515173
1305031798.049486 452.738049 1614.404574 53.653180 -0.306096 0.578649 0.553233 0.515173
1305031798.081407 541.257872 1541.230761 8.315245 -0.300917 0.593642 0.542964 0.512083
1305031798.114761 541.041894 1526.153864 22.962859 -0.294148 0.612103 0.526400 0.511576
1305031798.150524 555.784100 1497.781516 10.041609 -0.286969 0.627702 0.514225 0.509128
1305031798.181474 537.199522 1659.444529 46.575511 -0.281024 0.644796 0.495170 0.509971
1305031798.216929 567.944172 1573.906434 61.434048 -0.280290 0.656315 0.483298 0.507062
1305031798.249819 572.904660 1595.602280 22.581486 -0.273611 0.670600 0.470183 0.504341
1305031798.281361 581.062749 1613.821408 63.466658 -0.267246 0.686827 0.455870 0.499029
1305031798.316991 619.677468 1601.917507 79.560517 -0.262324 0.700405 0.443127 0.494224
1305031798.349307 632.856182 1597.459712 95.171801 -0.255429 0.713280 0.429898 0.491096
1305031798.381404 683.178114 1663.587160 160.416859 -0.251014 0.727843 0.414771 0.484976
1305031798.417222 703.118260 1647.491472 170.425432 -0.246973 0.739617 0.401999 0.479967
1305031798.449035 703.118260 1647.491472 170.425432 -0.246973 0.739617 0.401999 0.479967
1305031798.481500 721.564718 1627.607122 170.235958 -0.239407 0.751890 0.389033 0.475393
1305031798.517143 721.564718 1627.607122 170.235958 -0.239407 0.751890 0.389033 0.475393
1305031798.548961 719.529344 1737.213994 185.224183 -0.229857 0.764600 0.375554 0.470651
1305031798.581180 787.623252 1713.845614 179.749790 -0.224294 0.775905 0.363531 0.464229
1305031798.616885 790.801092 1678.632169 153.954435 -0.217383 0.785888 0.352310 0.459351
1305031798.649358 815.740583 1667.175515 167.286617 -0.210894 0.796433 0.342713 0.451405
1305031798.681151 843.749550 1634.498919 159.875307 -0.202688 0.806796 0.334557 0.442798
1305031798.717510 865.690918 1601.246776 153.084648 -0.193685 0.817632 0.324848 0.434095
1305031798.749406 888.785042 1771.683456 136.708640 -0.181537 0.827963 0.309610 0.430887
1305031798.781065 885.618529 1742.363381 109.032479 -0.175811 0.835283 0.297162 0.427887
1305031798.816637 877.841598 1715.608547 106.579139 -0.170799 0.843333 0.280924 0.425087
1305031798.849096 843.287449 1713.895839 52.606982 -0.165149 0.850064 0.266436 0.423237
1305031798.881162 892.573577 1730.004836 169.738390 -0.161775 0.858512 0.250373 0.417251
1305031798.916729 948.731382 1663.443678 240.873511 -0.160552 0.863381 0.239371 0.414124
1305031798.949081 940.147634 1680.446249 265.747575 -0.159830 0.867269 0.227760 0.412824
1305031798.981161 870.218609 1733.795726 200.902254 -0.155296 0.870407 0.215235 0.414667
1305031799.016404 899.548462 1598.194049 247.785389 -0.152809 0.873902 0.208992 0.411421
1305031799.049074 859.621263 1577.501589 246.994495 -0.152623 0.877040 0.198870 0.409827
1305031799.084199 863.628464 1531.486382 258.193943 -0.155574 0.880387 0.190760 0.405372
1305031799.116265 891.941347 1499.362967 328.128040 -0.159409 0.884346 0.183571 0.398526
1305031799.149115 876.959091 1434.723356 322.130084 -0.161122 0.886884 0.179354 0.394091
1305031799.184118 880.405212 1414.219065 391.737986 -0.159901 0.890650 0.176317 0.387409
1305031799.216310 838.887101 1376.095270 375.883842 -0.159031 0.892034 0.177471 0.384043
1305031799.249363 839.740161 1352.376514 376.098845 -0.162818 0.893263 0.178515 0.379084
1305031799.282103 799.873174 1322.081009 376.663851 -0.165517 0.894636 0.179056 0.374393
1305031799.317034 844.292231 1250.168862 393.985642 -0.169972 0.896778 0.182809 0.365349
1305031799.349113 824.161144 1235.866000 394.788093 -0.173857 0.898514 0.183367 0.358919
1305031799.385805 866.250231 1164.295732 448.959522 -0.177040 0.900972 0.188183 0.348559
1305031799.417024 871.163214 1153.114155 492.311456 -0.179290 0.902455 0.193598 0.340513
1305031799.449387 820.330145 1216.731111 538.198139 -0.184844 0.902180 0.198192 0.335596
1305031799.485240 808.222789 1233.239350 582.770006 -0.191696 0.901228 0.207552 0.328578
1305031799.517013 825.577732 1218.802748 624.322685 -0.199279 0.899862 0.218777 0.320427
1305031799.549017 826.348060 1270.915997 698.993125 -0.208866 0.898380 0.227994 0.311940
1305031799.581367 763.770748 1297.061397 657.120938 -0.214755 0.895253 0.240697 0.307355
1305031799.617168 780.119190 1280.538301 653.679266 -0.220980 0.892250 0.255009 0.300047
1305031799.649389 724.931139 1291.782837 620.780180 -0.224619 0.888922 0.268812 0.295133
1305031799.685205 639.841011 1333.654549 586.479832 -0.227694 0.884980 0.283373 0.290975
1305031799.717255 590.634657 1372.870866 590.025260 -0.232357 0.880617 0.298147 0.285713
1305031799.749314 590.634657 1372.870866 590.025260 -0.232357 0.880617 0.298147 0.285713
1305031799.785009 553.556780 1410.118018 614.834757 -0.235164 0.876851 0.311946 0.280214
1305031799.814635 492.472457 1488.033680 671.835912 -0.238921 0.872989 0.324154 0.275191
1305031799.849541 404.854546 1512.318976 580.655140 -0.240022 0.867313 0.340163 0.272850
1305031799.885152 352.448264 1546.740907 573.290575 -0.243267 0.862143 0.354415 0.268179
1305031799.916936 327.804271 1589.726331 651.604761 -0.249882 0.857022 0.367107 0.261351
1305031799.949274 261.652162 1647.222299 661.380444 -0.253890 0.851809 0.381281 0.254139
1305031799.985247 194.891009 1681.607024 608.836921 -0.255733 0.845457 0.397493 0.248599
1305031800.017563 160.387594 1721.756553 616.307535 -0.259359 0.838668 0.413209 0.242132
1305031800.049417 125.048081 1781.716061 622.561514 -0.261817 0.832701 0.427305 0.235522
1305031800.085021 74.079393 1825.326791 632.809368 -0.264756 0.826422 0.440880 0.229252
1305031800.117100 45.403210 1867.052004 642.549662 -0.271655 0.819084 0.453816 0.222162
1305031800.149417 36.788413 1954.298508 654.841727 -0.279928 0.813180 0.463753 0.212866
1305031800.185371 -7.601342 1997.729965 670.107714 -0.284245 0.808674 0.473565 0.202453
1305031800.217463 -42.598158 2026.931997 683.799819 -0.288062 0.802139 0.486723 0.191557
1305031800.249365 -95.153979 2087.962609 718.379040 -0.291640 0.794448 0.500658 0.182046
1305031800.285564 -150.216642 2134.617378 734.942751 -0.295382 0.786168 0.514191 0.174060
1305031800.317620 -183.886821 2172.774017 736.229622 -0.299252 0.778295 0.526777 0.164958
1305031800.353543 -237.196343 2209.945839 752.560973 -0.302301 0.770891 0.539156 0.153789
1305031800.386097 -266.660232 2243.922654 732.981891 -0.305740 0.762439 0.552202 0.142418
1305031800.417248 -277.832913 2258.314514 742.218187 -0.310262 0.754285 0.563578 0.131042
1305031800.453733 -292.770710 2285.308828 737.542606 -0.311904 0.746424 0.575692 0.118936
1305031800.485544 -306.611529 2326.127131 740.686907 -0.314812 0.738886 0.585933 0.107813
1305031800.517718 -365.077928 2365.816274 770.699018 -0.312797 0.733721 0.595373 0.096655
1305031800.553322 -406.553727 2374.646532 760.662156 -0.311480 0.726660 0.606281 0.085840
1305031800.585471 -417.941269 2392.715436 769.571710 -0.313003 0.720692 0.613896 0.075915
1305031800.617797 -417.941269 2392.715436 769.571710 -0.313003 0.720692 0.613896 0.075915
1305031800.653606 -417.941269 2392.715436 769.571710 -0.313003 0.720692 0.613896 0.075915
1305031800.685391 -417.941269 2392.715436 769.571710 -0.313003 0.720692 0.613896 0.075915
1305031800.713928 -417.941269 2392.715436 769.571710 -0.313003 0.720692 0.613896 0.075915
1305031800.753142 -417.941269 2392.715436 769.571710 -0.313003 0.720692 0.613896 0.075915
1305031800.784048 -417.941269 2392.715436 769.571710 -0.313003 0.720692 0.613896 0.075915
1305031800.816073 -417.941269 2392.715436 769.571710 -0.313003 0.720692 0.613896 0.075915
1305031800.853902 -417.941269 2392.715436 769.571710 -0.313003 0.720692 0.613896 0.075915
1305031800.885387 -417.941269 2392.715436 769.571710 -0.313003 0.720692 0.613896 0.075915
1305031800.917407 -417.941269 2392.715436 769.571710 -0.313003 0.720692 0.613896 0.075915
1305031800.953310 -417.941269 2392.715436 769.571710 -0.313003 0.720692 0.613896 0.075915
1305031800.985456 -417.941269 2392.715436 769.571710 -0.313003 0.720692 0.613896 0.075915
1305031801.017245 -417.941269 2392.715436 769.571710 -0.313003 0.720692 0.613896 0.075915
1305031801.053185 -417.941269 2392.715436 769.571710 -0.313003 0.720692 0.613896 0.075915
1305031801.085451 -417.941269 2392.715436 769.571710 -0.313003 0.720692 0.613896 0.075915
1305031801.118492 -417.941269 2392.715436 769.571710 -0.313003 0.720692 0.613896 0.075915
1305031801.149531 -417.941269 2392.715436 769.571710 -0.313003 0.720692 0.613896 0.075915
1305031801.183861 -417.941269 2392.715436 769.571710 -0.313003 0.720692 0.613896 0.075915
1305031801.213116 -417.941269 2392.715436 769.571710 -0.313003 0.720692 0.613896 0.075915
1305031801.253716 -417.941269 2392.715436 769.571710 -0.313003 0.720692 0.613896 0.075915
1305031801.285330 -417.941269 2392.715436 769.571710 -0.313003 0.720692 0.613896 0.075915
1305031801.317991 -330.551421 2393.042368 665.217786 -0.314432 0.731000 0.600829 0.076005
1305031801.353056 -286.214737 2357.399411 619.240876 -0.314198 0.743032 0.585975 0.076271
1305031801.385161 -258.420755 2294.040544 547.263389 -0.313430 0.752759 0.573666 0.077610
1305031801.417254 -188.988447 2270.343137 539.286255 -0.314328 0.762480 0.560200 0.077441
1305031801.453669 -188.988447 2270.343137 539.286255 -0.314328 0.762480 0.560200 0.077441
1305031801.485339 -188.988447 2270.343137 539.286255 -0.314328 0.762480 0.560200 0.077441
1305031801.521102 -188.988447 2270.343137 539.286255 -0.314328 0.762480 0.560200 0.077441
1305031801.550360 -78.989830 2208.300401 561.468803 -0.315303 0.770434 0.548573 0.077995
1305031801.585121 -26.800467 2254.709572 475.211757 -0.316149 0.777671 0.537325 0.080993
1305031801.621195 -172.275314 2359.248287 494.831194 -0.312770 0.791759 0.517014 0.089380
1305031801.653120 -398.487945 2364.640156 478.076879 -0.309870 0.803732 0.496980 0.104912
1305031801.685203 -398.487945 2364.640156 478.076879 -0.309870 0.803732 0.496980 0.104912
1305031801.721817 -403.220960 2520.297538 635.266161 -0.307955 0.820360 0.469734 0.107346
1305031801.752480 -403.220960 2520.297538 635.266161 -0.307955 0.820360 0.469734 0.107346
1305031801.785174 -375.106539 2474.376928 647.668360 -0.309005 0.828024 0.454142 0.112458
1305031801.821418 -303.463778 2383.159275 577.960356 -0.311413 0.832649 0.443553 0.113920
1305031801.851002 -379.633073 2436.659456 656.257796 -0.308531 0.844586 0.421496 0.117577
1305031801.885576 -343.441140 2387.644976 651.354620 -0.307948 0.851495 0.407160 0.119767
1305031801.921443 -308.272860 2322.437503 634.532562 -0.306686 0.856174 0.397491 0.122107
1305031801.953529 -355.314126 2305.381924 622.841195 -0.302216 0.861742 0.387220 0.126992
1305031801.985177 -324.754060 2269.031252 618.725547 -0.298829 0.865811 0.380298 0.128242
1305031802.019635 -295.416392 2276.657630 597.922250 -0.293885 0.871253 0.371941 0.127316
1305031802.053378 -328.347890 2252.760326 566.971822 -0.289602 0.876067 0.363320 0.128980
1305031802.085024 -508.687417 2265.435170 443.925262 -0.282596 0.881870 0.352109 0.135880
1305031802.121330 -446.400782 2139.463313 352.088703 -0.280913 0.885617 0.345398 0.132179
1305031802.153489 -577.548850 2215.614866 442.990191 -0.282137 0.893902 0.322727 0.131091
1305031802.184636 -679.473415 2220.416601 402.936247 -0.284647 0.896916 0.312380 0.130141
1305031802.219761 -673.559856 2225.372156 415.837962 -0.289149 0.898987 0.305136 0.122908
1305031802.253164 -743.045485 2191.959957 408.716344 -0.290929 0.900546 0.301163 0.116957
1305031802.285391 -824.527661 2195.854425 449.969273 -0.290857 0.902549 0.297872 0.109909
1305031802.321380 -768.971064 2202.433222 453.106662 -0.294495 0.901612 0.301036 0.098719
1305031802.355076 -713.065236 2194.775940 415.737094 -0.300257 0.899048 0.305976 0.089088
1305031802.385226 -693.448124 2197.430974 388.412790 -0.304695 0.898312 0.306220 0.080155
1305031802.421369 -775.366130 2206.178482 430.463361 -0.307223 0.898290 0.304998 0.075263
1305031802.449744 -693.357965 2179.844488 407.081094 -0.314109 0.894637 0.311050 0.064862
1305031802.485287 -704.418153 2155.547686 348.970950 -0.313697 0.893252 0.316948 0.056915
1305031802.521528 -781.156202 2224.540693 410.069931 -0.316004 0.892102 0.318944 0.050699
1305031802.553670 -697.447790 2373.742083 465.610320 -0.324993 0.886985 0.325849 0.038200
1305031802.585495 -713.965249 2394.401181 461.844754 -0.331910 0.880209 0.337967 0.029067
1305031802.621110 -728.215853 2443.076259 499.224565 -0.340404 0.872301 0.350579 0.017649
1305031802.651419 -671.770586 2408.897838 458.385068 0.346678 -0.860075 -0.374279 0.000240
1305031802.685525 -683.043873 2426.628826 480.557948 0.350212 -0.849944 -0.393336 0.015291
1305031802.721569 -683.043873 2426.628826 480.557948 0.350212 -0.849944 -0.393336 0.015291
1305031802.751107 -665.103055 2396.932826 463.438417 0.352717 -0.837466 -0.416450 0.028474
1305031802.781462 -614.255692 2423.223052 401.769872 0.355433 -0.824802 -0.437356 0.045707
1305031802.821775 -644.483196 2514.915339 460.391988 0.358142 -0.816665 -0.448246 0.062191
1305031802.853834 -743.867417 2553.462447 547.290207 0.357547 -0.810475 -0.457597 0.076780
1305031802.881495 -890.105279 2568.857978 587.942323 0.357084 -0.804096 -0.467395 0.086388
1305031802.921541 -890.105279 2568.857978 587.942323 0.357084 -0.804096 -0.467395 0.086388
1305031802.954816 -879.024604 2613.463613 541.989091 0.360370 -0.794902 -0.477298 0.102229
1305031802.981472 -979.744614 2668.841534 609.232329 0.363990 -0.788754 -0.481606 0.115903
1305031803.021892 -976.641568 2701.502897 621.568234 0.367201 -0.780444 -0.487835 0.134488
1305031803.053848 -1010.004420 2728.050674 607.901448 0.369836 -0.772767 -0.493490 0.150065
1305031803.081564 -1013.501690 2696.165330 582.781618 0.369175 -0.765348 -0.500458 0.165813
1305031803.122150 -1042.052671 2744.925764 626.375597 0.367859 -0.760007 -0.503565 0.183006
1305031803.153726 -1011.240550 2764.148377 622.179954 0.367713 -0.750335 -0.510910 0.201879
1305031803.181556 -1009.368547 2845.509307 584.911507 0.365843 -0.742618 -0.515623 0.220932
1305031803.222085 -821.301414 2804.911709 347.759490 0.366335 -0.724386 -0.531183 0.242710
1305031803.253820 -815.979989 2830.469937 380.302686 0.366641 -0.715612 -0.535781 0.257707
1305031803.281525 -821.592123 2853.933981 412.777739 0.365695 -0.708147 -0.539240 0.272058
1305031803.317577 -838.164522 2884.672760 432.883742 0.364525 -0.700811 -0.542380 0.286022
1305031803.353814 -846.732919 2913.762768 449.043789 0.362600 -0.692186 -0.546993 0.300329
1305031803.381500 -917.141299 2956.173112 487.120966 0.362393 -0.683167 -0.551856 0.312105
1305031803.421407 -917.141299 2956.173112 487.120966 0.362393 -0.683167 -0.551856 0.312105
1305031803.449877 -983.037267 2959.329505 531.701988 0.360725 -0.678236 -0.553950 0.320955
1305031803.481465 -913.696203 2991.432626 582.893928 0.362798 -0.670342 -0.555713 0.331967
1305031803.517799 -932.033382 2997.908305 587.263827 0.357476 -0.664568 -0.558168 0.344977
1305031803.553155 -917.857428 3006.081985 615.466480 0.355165 -0.658922 -0.560381 0.354474
1305031803.581589 -891.939628 2981.527378 621.912595 0.348564 -0.654358 -0.563329 0.364663
1305031803.617751 -908.939428 2982.798566 646.379274 0.345771 -0.648842 -0.568123 0.369707
1305031803.655171 -932.999230 2980.382512 668.913493 0.344809 -0.640330 -0.575014 0.374757
1305031803.681398 -952.839746 2975.809490 698.537034 0.343862 -0.632943 -0.579465 0.381264
1305031803.721616 -939.388267 2978.081312 733.292612 0.340538 -0.626109 -0.584021 0.388510
1305031803.753975 -967.580975 3051.458155 831.139798 0.348156 -0.613076 -0.591503 0.391215
1305031803.781407 -1094.851461 3017.900240 852.450708 0.341631 -0.603419 -0.603946 0.392967
1305031803.822206 -1130.256786 3008.017905 877.340377 0.336465 -0.593823 -0.612646 0.398536
1305031803.854255 -1088.352338 3003.706261 868.636834 0.327197 -0.582894 -0.622789 0.406583
1305031803.881449 -1129.772649 2950.633330 900.665140 0.319772 -0.574487 -0.632190 0.409934
1305031803.922274 -1164.050199 2964.592791 1021.268872 0.323722 -0.565526 -0.637343 0.411313
1305031803.953868 -1164.050199 2964.592791 1021.268872 0.323722 -0.565526 -0.637343 0.411313
1305031803.981401 -1164.050199 2964.592791 1021.268872 0.323722 -0.565526 -0.637343 0.411313
1305031804.021970 -1164.050199 2964.592791 1021.268872 0.323722 -0.565526 -0.637343 0.411313
1305031804.049573 -1164.050199 2964.592791 1021.268872 0.323722 -0.565526 -0.637343 0.411313
1305031804.081462 -1164.050199 2964.592791 1021.268872 0.323722 -0.565526 -0.637343 0.411313
1305031804.121789 -1164.050199 2964.592791 1021.268872 0.323722 -0.565526 -0.637343 0.411313
1305031804.149358 -1164.050199 2964.592791 1021.268872 0.323722 -0.565526 -0.637343 0.411313
1305031804.181425 -1164.050199 2964.592791 1021.268872 0.323722 -0.565526 -0.637343 0.411313
1305031804.221921 -1244.609910 2939.603898 1030.790128 0.316033 -0.565128 -0.638569 0.415913
1305031804.249373 -1309.012231 2898.067476 1053.816115 0.311763 -0.567715 -0.636482 0.418801
1305031804.281501 -1309.012231 2898.067476 1053.816115 0.311763 -0.567715 -0.636482 0.418801
1305031804.321896 -1309.012231 2898.067476 1053.816115 0.311763 -0.567715 -0.636482 0.418801
1305031804.349404 -1309.012231 2898.067476 1053.816115 0.311763 -0.567715 -0.636482 0.418801
1305031804.381556 -1309.012231 2898.067476 1053.816115 0.311763 -0.567715 -0.636482 0.418801
1305031804.420328 -1309.012231 2898.067476 1053.816115 0.311763 -0.567715 -0.636482 0.418801
1305031804.449409 -1309.012231 2898.067476 1053.816115 0.311763 -0.567715 -0.636482 0.418801
1305031804.481461 -1309.012231 2898.067476 1053.816115 0.311763 -0.567715 -0.636482 0.418801
1305031804.520303 -1309.012231 2898.067476 1053.816115 0.311763 -0.567715 -0.636482 0.418801
1305031804.549408 -1309.012231 2898.067476 1053.816115 0.311763 -0.567715 -0.636482 0.418801
1305031804.581465 -1309.012231 2898.067476 1053.816115 0.311763 -0.567715 -0.636482 0.418801
1305031804.620866 -1309.012231 2898.067476 1053.816115 0.311763 -0.567715 -0.636482 0.418801
1305031804.649383 -1388.478974 2833.181724 1042.554209 0.323031 -0.579952 -0.623932 0.412330
1305031804.681565 -1388.478974 2833.181724 1042.554209 0.323031 -0.579952 -0.623932 0.412330
1305031804.721729 -1388.478974 2833.181724 1042.554209 0.323031 -0.579952 -0.623932 0.412330
1305031804.749416 -1388.478974 2833.181724 1042.554209 0.323031 -0.579952 -0.623932 0.412330
1305031804.781659 -1388.478974 2833.181724 1042.554209 0.323031 -0.579952 -0.623932 0.412330
1305031804.821911 -1388.478974 2833.181724 1042.554209 0.323031 -0.579952 -0.623932 0.412330
1305031804.849385 -1388.478974 2833.181724 1042.554209 0.323031 -0.579952 -0.623932 0.412330
1305031804.881471 -1388.478974 2833.181724 1042.554209 0.323031 -0.579952 -0.623932 0.412330
1305031804.921921 -1388.478974 2833.181724 1042.554209 0.323031 -0.579952 -0.623932 0.412330
1305031804.949441 -1388.478974 2833.181724 1042.554209 0.323031 -0.579952 -0.623932 0.412330
1305031804.981491 -1397.005901 2838.228651 992.327655 0.332124 -0.590420 -0.609691 0.411551
1305031805.021242 -1468.856070 2823.558868 1020.793551 0.340096 -0.602781 -0.595829 0.407403
1305031805.049231 -1407.042239 2929.181566 935.170557 0.347979 -0.609221 -0.584325 0.407829
1305031805.081417 -1501.966990 2969.306960 835.536064 0.352287 -0.616701 -0.569864 0.413315
1305031805.120785 -1436.882381 3005.681264 782.367008 0.358041 -0.624539 -0.557854 0.412986
1305031805.149367 -1471.624992 3031.964254 729.203977 0.361526 -0.632191 -0.546345 0.413691
1305031805.181532 -1418.249630 3085.206156 597.327738 0.366955 -0.633511 -0.540055 0.415148
1305031805.217403 -1429.249458 3142.870343 572.563837 0.374285 -0.636985 -0.531396 0.414463
1305031805.249372 -1407.483783 3180.797482 452.281332 0.377717 -0.640252 -0.522780 0.417263
1305031805.281451 -1414.494481 3170.930571 357.761394 0.380640 -0.643364 -0.515817 0.418485
1305031805.317464 -1414.494481 3170.930571 357.761394 0.380640 -0.643364 -0.515817 0.418485
1305031805.349450 -1426.372512 3172.552457 338.612459 0.392140 -0.646501 -0.503988 0.417442
1305031805.381600 -1426.372512 3172.552457 338.612459 0.392140 -0.646501 -0.503988 0.417442
1305031805.417337 -1521.190678 3032.833174 328.032265 0.397636 -0.656289 -0.490456 0.413066
1305031805.449399 -1521.190678 3032.833174 328.032265 0.397636 -0.656289 -0.490456 0.413066
1305031805.481531 -1521.190678 3032.833174 328.032265 0.397636 -0.656289 -0.490456 0.413066
1305031805.517400 -1521.190678 3032.833174 328.032265 0.397636 -0.656289 -0.490456 0.413066
1305031805.549419 -1521.190678 3032.833174 328.032265 0.397636 -0.656289 -0.490456 0.413066
1305031805.581456 -1521.190678 3032.833174 328.032265 0.397636 -0.656289 -0.490456 0.413066
1305031805.617604 -1521.190678 3032.833174 328.032265 0.397636 -0.656289 -0.490456 0.413066
1305031805.649369 -1521.190678 3032.833174 328.032265 0.397636 -0.656289 -0.490456 0.413066
1305031805.681431 -1426.062193 3141.098699 390.927936 0.402347 -0.656621 -0.481064 0.418979
1305031805.717375 -1426.062193 3141.098699 390.927936 0.402347 -0.656621 -0.481064 0.418979
1305031805.749402 -1292.854150 3264.829132 296.124404 0.398907 -0.647340 -0.484264 0.432796
1305031805.781456 -1292.854150 3264.829132 296.124404 0.398907 -0.647340 -0.484264 0.432796
1305031805.817409 -1292.854150 3264.829132 296.124404 0.398907 -0.647340 -0.484264 0.432796
1305031805.849383 -1292.854150 3264.829132 296.124404 0.398907 -0.647340 -0.484264 0.432796
1305031805.881469 -1292.854150 3264.829132 296.124404 0.398907 -0.647340 -0.484264 0.432796
1305031805.917405 -1292.854150 3264.829132 296.124404 0.398907 -0.647340 -0.484264 0.432796
1305031805.949380 -1292.854150 3264.829132 296.124404 0.398907 -0.647340 -0.484264 0.432796
1305031805.981495 -1292.854150 3264.829132 296.124404 0.398907 -0.647340 -0.484264 0.432796
1305031806.017424 -1416.073819 3215.745602 409.745121 0.393391 -0.639391 -0.491889 0.440985
1305031806.049372 -1416.073819 3215.745602 409.745121 0.393391 -0.639391 -0.491889 0.440985
1305031806.081522 -1444.050137 3095.499504 397.104172 0.387109 -0.630101 -0.500007 0.450680
1305031806.117332 -1464.284179 3073.656239 428.198634 0.384562 -0.618297 -0.506539 0.461778
1305031806.149389 -1464.284179 3073.656239 428.198634 0.384562 -0.618297 -0.506539 0.461778
1305031806.181476 -1454.132358 3061.595750 461.204098 0.378599 -0.606786 -0.513547 0.474071
1305031806.217460 -1459.778649 3053.330669 508.451489 0.371748 -0.594393 -0.521801 0.486029
1305031806.249441 -1502.427049 3033.149862 585.008255 0.366459 -0.584226 -0.527403 0.496221
1305031806.281505 -1528.556592 3009.989842 667.650205 0.362834 -0.571714 -0.536657 0.503482
1305031806.317554 -1484.146735 2973.987740 676.553032 0.354683 -0.558131 -0.544001 0.516481
1305031806.349431 -1483.648367 2983.649000 750.432415 0.347802 -0.546337 -0.550643 0.526633
1305031806.381481 -1501.007456 2970.415296 799.070046 0.337747 -0.534855 -0.558159 0.536950
1305031806.417443 -1526.045983 2949.401824 834.643893 0.326254 -0.523961 -0.564901 0.547641
1305031806.449379 -1547.971182 2916.246719 830.896459 0.317305 -0.511631 -0.573461 0.555602
1305031806.481355 -1560.911513 2869.744115 933.865951 0.313741 -0.503948 -0.576810 0.561153
1305031806.517514 -1567.484599 2861.255705 977.259993 0.310769 -0.491447 -0.579793 0.570739
1305031806.549401 -1581.759169 2842.975179 1061.896611 0.303870 -0.482573 -0.581554 0.580156
1305031806.581728 -1593.390279 2808.868114 1110.559413 0.295414 -0.469486 -0.589947 0.586750
1305031806.617478 -1619.978317 2787.193570 1151.623622 0.286406 -0.455557 -0.596320 0.595687
1305031806.649416 -1658.248552 2775.858886 1222.379678 0.279206 -0.444785 -0.598146 0.605335
1305031806.681381 -1663.486653 2769.992966 1246.320596 0.268892 -0.433224 -0.600179 0.616278
1305031806.717432 -1679.089971 2760.349294 1275.607992 0.256655 -0.423808 -0.602596 0.625614
1305031806.749457 -1690.236422 2753.369976 1305.726616 0.243835 -0.415779 -0.604636 0.634103
1305031806.781564 -1700.023657 2729.989639 1332.439872 0.230674 -0.409475 -0.607128 0.640715
1305031806.817410 -1712.469128 2712.457378 1375.061810 0.221918 -0.401853 -0.608798 0.647017
1305031806.849447 -1714.903393 2708.202856 1413.324917 0.213195 -0.389996 -0.612772 0.653423
1305031806.881395 -1719.350618 2705.527822 1446.123660 0.205592 -0.380448 -0.614338 0.659985
1305031806.917809 -1733.277407 2717.910089 1431.395189 0.195306 -0.366987 -0.615559 0.669525
1305031806.949486 -1741.869293 2731.176656 1459.750683 0.185592 -0.358392 -0.615066 0.677351
1305031806.981465 -1763.189954 2750.321250 1474.489021 0.176682 -0.348085 -0.614484 0.685588
1305031807.017431 -1761.096208 2753.815108 1501.209829 0.170081 -0.340786 -0.613309 0.691946
1305031807.049424 -1767.813503 2752.468739 1506.152680 0.162853 -0.332413 -0.612205 0.698702
1305031807.081512 -1777.253345 2760.240406 1509.508376 0.156275 -0.324215 -0.610432 0.705574
1305031807.117436 -1777.253345 2760.240406 1509.508376 0.156275 -0.324215 -0.610432 0.705574
1305031807.149381 -1823.609099 2936.329220 1467.151299 0.157372 -0.308066 -0.595089 0.725395
1305031807.181430 -1823.609099 2936.329220 1467.151299 0.157372 -0.308066 -0.595089 0.725395
1305031807.217449 -1816.419317 2940.413748 1458.397222 0.158923 -0.303214 -0.589556 0.731593
1305031807.249425 -1816.419317 2940.413748 1458.397222 0.158923 -0.303214 -0.589556 0.731593
1305031807.281519 -1816.419317 2940.413748 1458.397222 0.158923 -0.303214 -0.589556 0.731593
1305031807.317449 -1895.284185 2952.460682 1441.825149 0.161409 -0.301092 -0.579269 0.740093
1305031807.349398 -1895.284185 2952.460682 1441.825149 0.161409 -0.301092 -0.579269 0.740093
1305031807.381439 -1870.718804 2949.863767 1446.752308 0.177566 -0.308112 -0.568703 0.741697
1305031807.417438 -1870.718804 2949.863767 1446.752308 0.177566 -0.308112 -0.568703 0.741697
1305031807.449510 -1870.718804 2949.863767 1446.752308 0.177566 -0.308112 -0.568703 0.741697
1305031807.481516 -1870.718804 2949.863767 1446.752308 0.177566 -0.308112 -0.568703 0.741697
1305031807.517475 -1870.718804 2949.863767 1446.752308 0.177566 -0.308112 -0.568703 0.741697
1305031807.549397 -1877.607963 2942.423416 1422.320146 0.200661 -0.314579 -0.557361 0.741703
1305031807.581447 -1944.860773 2916.320216 1402.480905 0.223607 -0.322818 -0.539579 0.744744
1305031807.617576 -1944.860773 2916.320216 1402.480905 0.223607 -0.322818 -0.539579 0.744744
1305031807.649399 -1957.344446 2990.230979 1391.804305 0.248942 -0.323630 -0.523213 0.748024
1305031807.681493 -1958.523203 2899.007115 1347.147441 0.261378 -0.333994 -0.508705 0.749232
1305031807.717426 -1958.523203 2899.007115 1347.147441 0.261378 -0.333994 -0.508705 0.749232
1305031807.749401 -1991.640116 2867.474966 1276.004626 0.276704 -0.337886 -0.497888 0.749250
1305031807.781497 -2016.267696 2910.380949 1150.512857 0.296230 -0.337316 -0.488895 0.747962
1305031807.817444 -2008.202639 2938.213007 1107.570429 0.318958 -0.344871 -0.474874 0.744194
1305031807.849449 -2005.860564 2934.099370 1048.305291 0.333101 -0.350256 -0.467138 0.740369
1305031807.881470 -2115.050370 2906.290117 1230.602890 0.353468 -0.358198 -0.457635 0.733025
1305031807.917395 -2112.473221 2863.550731 1177.315746 0.365293 -0.364919 -0.452616 0.727004
1305031807.949413 -2090.492778 2858.120340 1109.106527 0.378742 -0.369205 -0.444814 0.722761
1305031807.981324 -2197.904893 2958.705310 1136.377228 0.394664 -0.373075 -0.430847 0.720712
1305031808.017397 -2204.600812 2925.433011 1078.919910 0.404716 -0.380431 -0.424577 0.714991
1305031808.049392 -2204.600812 2925.433011 1078.919910 0.404716 -0.380431 -0.424577 0.714991
1305031808.081430 -2230.023112 2889.341364 1070.666372 0.415545 -0.390659 -0.415613 0.708501
1305031808.117668 -2249.411325 2949.736596 971.913020 0.427177 -0.395615 -0.407356 0.703612
1305031808.149433 -2272.022208 2874.525238 944.635664 0.436228 -0.406707 -0.398484 0.696782
1305031808.181601 -2277.665387 2716.128799 891.777873 0.446862 -0.416511 -0.395397 0.685926
1305031808.217427 -2328.192486 2758.250949 855.756863 0.458287 -0.422529 -0.388667 0.678514
1305031808.249410 -2367.487205 2793.472300 873.053044 0.468494 -0.429460 -0.382005 0.670932
1305031808.281466 -2367.487205 2793.472300 873.053044 0.468494 -0.429460 -0.382005 0.670932
1305031808.317395 -2440.592181 2853.572586 848.951462 0.481309 -0.432593 -0.375813 0.663302
1305031808.349431 -2440.592181 2853.572586 848.951462 0.481309 -0.432593 -0.375813 0.663302
1305031808.381824 -2440.592181 2853.572586 848.951462 0.481309 -0.432593 -0.375813 0.663302
1305031808.417419 -2440.592181 2853.572586 848.951462 0.481309 -0.432593 -0.375813 0.663302
1305031808.449356 -2440.592181 2853.572586 848.951462 0.481309 -0.432593 -0.375813 0.663302
1305031808.481442 -2440.592181 2853.572586 848.951462 0.481309 -0.432593 -0.375813 0.663302
1305031808.517409 -2440.592181 2853.572586 848.951462 0.481309 -0.432593 -0.375813 0.663302
1305031808.549430 -2440.592181 2853.572586 848.951462 0.481309 -0.432593 -0.375813 0.663302
1305031808.581470 -2440.592181 2853.572586 848.951462 0.481309 -0.432593 -0.375813 0.663302
1305031808.617470 -2440.592181 2853.572586 848.951462 0.481309 -0.432593 -0.375813 0.663302
1305031808.649371 -2440.592181 2853.572586 848.951462 0.481309 -0.432593 -0.375813 0.663302
1305031808.681415 -2479.932178 2799.909447 911.894989 0.492430 -0.431344 -0.368015 0.660318
1305031808.717501 -2477.953162 2711.732360 827.042780 0.498926 -0.428881 -0.364236 0.659141
1305031808.749404 -2486.847980 2775.282180 962.282227 0.514771 -0.419773 -0.361950 0.654059
1305031808.781467 -2496.311011 2771.192410 947.183167 0.526927 -0.411703 -0.355338 0.653133
1305031808.817546 -2496.311011 2771.192410 947.183167 0.526927 -0.411703 -0.355338 0.653133
1305031808.849389 -2552.745440 2586.312821 911.102605 0.528744 -0.402024 -0.358552 0.655932
1305031808.881454 -2552.745440 2586.312821 911.102605 0.528744 -0.402024 -0.358552 0.655932
1305031808.917405 -2552.745440 2586.312821 911.102605 0.528744 -0.402024 -0.358552 0.655932
1305031808.949458 -2561.035589 2656.773835 915.819641 0.523555 -0.387368 -0.360196 0.667904
1305031808.981550 -2698.708713 2597.093924 906.393506 0.513948 -0.372695 -0.362363 0.682385
1305031809.017420 -2657.360708 2430.367334 972.552276 0.501585 -0.362064 -0.371041 0.692568
1305031809.049495 -2657.360708 2430.367334 972.552276 0.501585 -0.362064 -0.371041 0.692568
1305031809.081521 -2663.907097 2532.738330 1023.815773 0.496102 -0.346033 -0.373374 0.703374
1305031809.117517 -2675.683656 2514.622509 1153.979967 0.492741 -0.332677 -0.375312 0.711107
1305031809.149422 -2675.570037 2543.013295 1173.354469 0.487253 -0.316678 -0.375435 0.722045
1305031809.181454 -2693.018818 2595.603203 1211.382014 0.480255 -0.302090 -0.373404 0.733939
1305031809.217451 -2674.411049 2554.778101 1242.970738 0.470423 -0.291111 -0.372700 0.745018
1305031809.249425 -2661.553504 2564.775789 1259.230048 0.459655 -0.279600 -0.372546 0.756142
1305031809.281664 -2723.469011 2663.392870 1212.140294 0.447869 -0.263036 -0.371731 0.769442
1305031809.317409 -2753.560192 2689.835829 1202.711441 0.436367 -0.250325 -0.370768 0.780674
1305031809.349286 -2837.627275 2744.995531 1049.985637 0.422449 -0.234342 -0.370134 0.793487
1305031809.381405 -2874.327882 2768.015120 918.701578 0.407529 -0.218906 -0.373531 0.804037
1305031809.417304 -2868.632880 2795.083144 962.136598 0.397014 -0.209918 -0.374902 0.811026
1305031809.449429 -2895.861910 2825.636315 957.307513 0.386145 -0.199709 -0.376738 0.817972
1305031809.481493 -2918.063210 2869.014199 983.664720 0.377171 -0.191866 -0.374965 0.824822
1305031809.517383 -2944.626032 2917.731256 970.076327 0.367394 -0.184845 -0.374241 0.831142
1305031809.549381 -2908.054368 2952.043284 1029.607152 0.359880 -0.180275 -0.374644 0.835242
1305031809.581443 -2889.963025 2988.271615 1084.772436 0.352989 -0.173956 -0.375904 0.838948
1305031809.617447 -2955.772906 2997.568224 1060.530131 0.343740 -0.161081 -0.378852 0.844018
1305031809.649447 -2987.013195 3018.796483 1066.826705 0.336131 -0.151211 -0.380743 0.848048
1305031809.681564 -3001.779029 3070.163249 1124.091774 0.329876 -0.142447 -0.380413 0.852160
1305031809.717482 -2998.916227 3109.788142 1150.855200 0.322227 -0.135604 -0.379794 0.856468
1305031809.749405 -3000.396829 3142.724891 1189.618637 0.314174 -0.128785 -0.379590 0.860593
1305031809.781560 -2975.333984 3146.852575 1206.052252 0.303809 -0.123310 -0.377486 0.866025
1305031809.817472 -2939.898368 3170.989556 1234.044155 0.294706 -0.117630 -0.373892 0.871503
1305031809.849358 -2923.722142 3189.180261 1271.260242 0.285634 -0.111144 -0.372898 0.875790
1305031809.881617 -2913.724839 3196.284901 1307.658521 0.276366 -0.103188 -0.371991 0.880112
1305031809.917383 -2900.962235 3205.425137 1330.950417 0.267796 -0.094236 -0.370193 0.884512
1305031809.949442 -2877.619276 3218.626123 1342.963444 0.259266 -0.085937 -0.367976 0.888814
1305031809.981453 -2849.933450 3237.291444 1372.490405 0.250432 -0.078350 -0.365108 0.893220
1305031810.017406 -2832.773471 3248.050474 1390.731017 0.239933 -0.069840 -0.363149 0.897595
1305031810.049474 -2828.620082 3253.692696 1413.477661 0.231279 -0.061225 -0.361473 0.901165
1305031810.081517 -2809.852979 3258.474720 1411.017561 0.222996 -0.053042 -0.358936 0.904779
1305031810.117406 -2785.961030 3262.162171 1423.503196 0.214254 -0.045830 -0.357435 0.907874
1305031810.149419 -2761.521531 3251.294039 1420.410143 0.204758 -0.037269 -0.358176 0.910162
1305031810.181557 -2730.835382 3241.327850 1423.282223 0.196984 -0.029278 -0.356812 0.912702
1305031810.217391 -2701.443165 3255.703234 1422.231449 0.190621 -0.020832 -0.355434 0.914820
1305031810.249478 -2626.194678 3253.098987 1401.242881 0.181110 -0.015012 -0.354128 0.917370
1305031810.281498 -2602.194203 3249.654486 1382.050109 0.168681 -0.005827 -0.356016 0.919111
1305031810.317488 -2576.966221 3243.901580 1399.295732 0.158476 0.001250 -0.355952 0.920968
1305031810.349482 -2551.889248 3254.415040 1401.735150 0.150572 0.008401 -0.352067 0.923746
1305031810.381463 -2527.750340 3255.368390 1398.331212 0.141900 0.014796 -0.348047 0.926558
1305031810.417445 -2464.833268 3259.674417 1390.480247 0.131919 0.018628 -0.341085 0.930544
1305031810.449427 -2464.833268 3259.674417 1390.480247 0.131919 0.018628 -0.341085 0.930544
1305031810.481449 -2450.106983 3237.502062 1365.964770 0.117695 0.028460 -0.340451 0.932433
1305031810.517384 -2468.632381 3224.319941 1345.692344 0.107765 0.041846 -0.342857 0.932247
1305031810.549512 -2419.658470 3184.986246 1281.894713 0.097327 0.049696 -0.343509 0.932770
1305031810.585416 -2419.658470 3184.986246 1281.894713 0.097327 0.049696 -0.343509 0.932770
1305031810.617391 -2445.934325 3156.463664 1288.448870 0.090545 0.059559 -0.339989 0.934164
1305031810.649392 -2449.631071 3147.313425 1332.298980 0.087641 0.066258 -0.332967 0.936516
1305031810.685423 -2408.476946 3093.142568 1341.447395 0.086909 0.069482 -0.326129 0.938754
1305031810.717449 -2432.069085 3102.002073 1347.028613 0.091146 0.077562 -0.316549 0.940996
1305031810.749419 -2432.069085 3102.002073 1347.028613 0.091146 0.077562 -0.316549 0.940996
1305031810.785316 -2420.007522 3233.779610 1423.512173 0.109344 0.080253 -0.300661 0.944037
1305031810.817385 -2430.901861 3298.277434 1434.138433 0.125458 0.085010 -0.287852 0.945608
1305031810.849415 -2430.901861 3298.277434 1434.138433 0.125458 0.085010 -0.287852 0.945608
1305031810.885396 -2474.042923 3296.285049 1428.410348 0.145071 0.091970 -0.282698 0.943704
1305031810.917724 -2466.005118 3253.205095 1361.870748 0.158179 0.095331 -0.279471 0.942225
1305031810.949471 -2521.778967 3250.565967 1393.091113 0.179841 0.100190 -0.274901 0.939174
1305031810.985423 -2521.778967 3250.565967 1393.091113 0.179841 0.100190 -0.274901 0.939174
1305031811.017436 -2521.778967 3250.565967 1393.091113 0.179841 0.100190 -0.274901 0.939174
1305031811.049445 -2619.078253 3262.093778 1449.280822 0.197056 0.106689 -0.267985 0.937001
1305031811.085404 -2657.388431 3281.887062 1380.227557 0.216072 0.108451 -0.263012 0.934011
1305031811.117449 -2657.388431 3281.887062 1380.227557 0.216072 0.108451 -0.263012 0.934011
1305031811.149652 -2726.306222 3237.737190 1465.326119 0.229371 0.114731 -0.257300 0.931677
1305031811.185423 -2796.590242 3247.262522 1491.639072 0.243225 0.118942 -0.256230 0.927923
1305031811.217448 -2900.122949 3304.328451 1556.053415 0.260301 0.124860 -0.253383 0.923283
1305031811.249459 -2956.134035 3269.350131 1532.841458 0.272510 0.131435 -0.252388 0.919110
1305031811.285401 -2984.031828 3243.594195 1492.814948 0.286662 0.136689 -0.248423 0.915110
1305031811.317471 -2976.189612 3188.162581 1427.899014 0.302469 0.138980 -0.246328 0.910231
1305031811.349438 -2954.987706 3200.106901 1403.805215 0.323701 0.140396 -0.241160 0.904073
1305031811.385421 -2954.987706 3200.106901 1403.805215 0.323701 0.140396 -0.241160 0.904073
1305031811.417400 -2986.904861 3188.821942 1362.553770 0.343268 0.140836 -0.239604 0.897174
1305031811.449532 -2979.041470 3161.965359 1311.959491 0.361971 0.141497 -0.238443 0.890000
1305031811.485413 -2979.041470 3161.965359 1311.959491 0.361971 0.141497 -0.238443 0.890000
1305031811.517423 -2979.041470 3161.965359 1311.959491 0.361971 0.141497 -0.238443 0.890000
1305031811.549533 -2979.041470 3161.965359 1311.959491 0.361971 0.141497 -0.238443 0.890000
1305031811.585347 -2992.611622 3309.666877 1361.278019 0.384834 0.145942 -0.237871 0.879784
1305031811.617439 -2992.611622 3309.666877 1361.278019 0.384834 0.145942 -0.237871 0.879784
1305031811.649459 -2992.611622 3309.666877 1361.278019 0.384834 0.145942 -0.237871 0.879784
1305031811.685432 -2953.499891 3249.095686 1255.552433 0.396549 0.140150 -0.237314 0.875665
1305031811.717529 -2979.034219 3288.249570 1252.248455 0.413419 0.137854 -0.235787 0.868611
1305031811.749420 -2979.034219 3288.249570 1252.248455 0.413419 0.137854 -0.235787 0.868611
1305031811.785416 -2979.034219 3288.249570 1252.248455 0.413419 0.137854 -0.235787 0.868611
1305031811.817440 -2979.034219 3288.249570 1252.248455 0.413419 0.137854 -0.235787 0.868611
1305031811.849504 -3068.124092 3343.519244 1256.864471 0.426840 0.138146 -0.231181 0.863295
1305031811.885446 -3147.153160 3333.009827 1193.179672 0.435800 0.137508 -0.230490 0.859095
1305031811.917451 -3179.599038 3368.316622 1222.166978 0.448709 0.135868 -0.229687 0.852903
1305031811.949446 -3179.599038 3368.316622 1222.166978 0.448709 0.135868 -0.229687 0.852903
1305031811.985433 -3179.599038 3368.316622 1222.166978 0.448709 0.135868 -0.229687 0.852903
1305031812.017466 -3179.599038 3368.316622 1222.166978 0.448709 0.135868 -0.229687 0.852903
1305031812.049451 -3123.064069 3384.390490 1198.729938 0.459563 0.131938 -0.230205 0.847585
1305031812.085454 -3123.064069 3384.390490 1198.729938 0.459563 0.131938 -0.230205 0.847585
1305031812.117430 -3015.161775 3364.508446 1108.998472 0.470009 0.129766 -0.233441 0.841283
1305031812.149444 -3015.161775 3364.508446 1108.998472 0.470009 0.129766 -0.233441 0.841283
1305031812.185398 -3015.161775 3364.508446 1108.998472 0.470009 0.129766 -0.233441 0.841283
1305031812.217575 -3015.161775 3364.508446 1108.998472 0.470009 0.129766 -0.233441 0.841283
1305031812.249442 -3015.161775 3364.508446 1108.998472 0.470009 0.129766 -0.233441 0.841283
1305031812.285269 -3015.161775 3364.508446 1108.998472 0.470009 0.129766 -0.233441 0.841283
1305031812.317439 -3031.608725 3376.931495 1089.891706 0.475755 0.130951 -0.231381 0.838434
1305031812.349628 -3105.833851 3401.568168 1094.020576 0.482185 0.137930 -0.229033 0.834276
1305031812.385430 -3085.765025 3436.067831 1134.633730 0.493989 0.143791 -0.227631 0.826730
1305031812.417396 -3107.651986 3463.190314 1102.208910 0.503067 0.151956 -0.225965 0.820227
1305031812.449401 -3107.651986 3463.190314 1102.208910 0.503067 0.151956 -0.225965 0.820227
1305031812.485444 -3031.095037 3507.045757 1089.187874 0.501068 0.158614 -0.227745 0.819698
1305031812.517424 -2880.822506 3556.056886 1067.992954 0.497717 0.162828 -0.229916 0.820307
1305031812.549479 -2880.822506 3556.056886 1067.992954 0.497717 0.162828 -0.229916 0.820307
1305031812.585434 -2880.822506 3556.056886 1067.992954 0.497717 0.162828 -0.229916 0.820307
1305031812.617435 -2880.822506 3556.056886 1067.992954 0.497717 0.162828 -0.229916 0.820307
1305031812.649447 -2880.822506 3556.056886 1067.992954 0.497717 0.162828 -0.229916 0.820307
1305031812.685438 -2880.822506 3556.056886 1067.992954 0.497717 0.162828 -0.229916 0.820307
1305031812.749493 -2880.822506 3556.056886 1067.992954 0.497717 0.162828 -0.229916 0.820307
1305031812.785436 -2880.822506 3556.056886 1067.992954 0.497717 0.162828 -0.229916 0.820307
1305031812.849411 -2880.822506 3556.056886 1067.992954 0.497717 0.162828 -0.229916 0.820307
1305031812.885427 -2935.507413 3475.678357 1010.951828 0.479670 0.172493 -0.222410 0.831082
1305031812.949555 -2935.507413 3475.678357 1010.951828 0.479670 0.172493 -0.222410 0.831082
1305031812.985457 -2935.507413 3475.678357 1010.951828 0.479670 0.172493 -0.222410 0.831082
1305031813.049489 -2935.507413 3475.678357 1010.951828 0.479670 0.172493 -0.222410 0.831082
1305031813.085316 -2935.507413 3475.678357 1010.951828 0.479670 0.172493 -0.222410 0.831082
1305031813.149429 -2935.507413 3475.678357 1010.951828 0.479670 0.172493 -0.222410 0.831082
1305031813.185427 -2935.507413 3475.678357 1010.951828 0.479670 0.172493 -0.222410 0.831082
1305031813.249435 -2935.507413 3475.678357 1010.951828 0.479670 0.172493 -0.222410 0.831082
1305031813.285403 -2827.083380 3472.619464 1068.458002 0.466923 0.172207 -0.219232 0.839205
1305031813.349429 -2827.083380 3472.619464 1068.458002 0.466923 0.172207 -0.219232 0.839205
1305031813.385390 -2813.266474 3453.103122 1077.739098 0.453731 0.177625 -0.212212 0.847079
1305031813.417434 -2783.449678 3437.914193 1095.740068 0.440768 0.183658 -0.206029 0.854134
1305031813.449445 -2783.449678 3437.914193 1095.740068 0.440768 0.183658 -0.206029 0.854134
1305031813.485393 -2728.989345 3439.211987 1129.752148 0.426191 0.186678 -0.199138 0.862471
1305031813.549456 -2728.989345 3439.211987 1129.752148 0.426191 0.186678 -0.199138 0.862471
1305031813.585413 -2682.029531 3426.613984 1142.146059 0.412446 0.192950 -0.194377 0.868836
1305031813.617514 -2667.962212 3440.256033 1166.029331 0.401256 0.198944 -0.189416 0.873806
1305031813.649317 -2658.282259 3471.337460 1192.128802 0.390580 0.205804 -0.184115 0.878176
1305031813.685390 -2626.104437 3496.144998 1238.658804 0.380174 0.211641 -0.179582 0.882285
1305031813.717434 -2654.085582 3531.381049 1270.627992 0.369102 0.218568 -0.175514 0.886107
1305031813.749460 -2599.976782 3595.814764 1304.872386 0.358606 0.221162 -0.175611 0.889747
1305031813.785473 -2595.412499 3602.126931 1321.065692 0.345233 0.224225 -0.171609 0.895035
1305031813.849442 -2595.412499 3602.126931 1321.065692 0.345233 0.224225 -0.171609 0.895035
1305031813.885478 -2595.412499 3602.126931 1321.065692 0.345233 0.224225 -0.171609 0.895035
1305031813.949430 -2595.412499 3602.126931 1321.065692 0.345233 0.224225 -0.171609 0.895035
1305031813.985350 -2595.412499 3602.126931 1321.065692 0.345233 0.224225 -0.171609 0.895035
1305031814.017410 -2595.412499 3602.126931 1321.065692 0.345233 0.224225 -0.171609 0.895035
1305031814.049397 -2595.412499 3602.126931 1321.065692 0.345233 0.224225 -0.171609 0.895035
1305031814.085369 -2595.412499 3602.126931 1321.065692 0.345233 0.224225 -0.171609 0.895035
1305031814.117410 -2595.412499 3602.126931 1321.065692 0.345233 0.224225 -0.171609 0.895035
1305031814.149406 -2595.412499 3602.126931 1321.065692 0.345233 0.224225 -0.171609 0.895035
1305031814.185515 -2595.412499 3602.126931 1321.065692 0.345233 0.224225 -0.171609 0.895035
1305031814.217368 -2595.412499 3602.126931 1321.065692 0.345233 0.224225 -0.171609 0.895035
1305031814.249436 -2595.412499 3602.126931 1321.065692 0.345233 0.224225 -0.171609 0.895035
1305031814.285406 -2595.412499 3602.126931 1321.065692 0.345233 0.224225 -0.171609 0.895035
1305031814.317389 -2595.412499 3602.126931 1321.065692 0.345233 0.224225 -0.171609 0.895035
1305031814.349391 -2595.412499 3602.126931 1321.065692 0.345233 0.224225 -0.171609 0.895035
1305031814.385364 -2595.412499 3602.126931 1321.065692 0.345233 0.224225 -0.171609 0.895035
1305031814.417465 -2595.412499 3602.126931 1321.065692 0.345233 0.224225 -0.171609 0.895035
1305031814.449403 -2595.412499 3602.126931 1321.065692 0.345233 0.224225 -0.171609 0.895035
1305031814.485389 -2595.412499 3602.126931 1321.065692 0.345233 0.224225 -0.171609 0.895035
1305031814.517461 -2595.412499 3602.126931 1321.065692 0.345233 0.224225 -0.171609 0.895035
1305031814.549456 -2595.412499 3602.126931 1321.065692 0.345233 0.224225 -0.171609 0.895035
1305031814.585485 -2595.412499 3602.126931 1321.065692 0.345233 0.224225 -0.171609 0.895035
1305031814.617521 -2595.412499 3602.126931 1321.065692 0.345233 0.224225 -0.171609 0.895035
1305031814.649442 -2595.412499 3602.126931 1321.065692 0.345233 0.224225 -0.171609 0.895035
1305031814.685443 -2595.412499 3602.126931 1321.065692 0.345233 0.224225 -0.171609 0.895035
1305031814.717506 -2595.412499 3602.126931 1321.065692 0.345233 0.224225 -0.171609 0.895035
1305031814.749513 -2595.412499 3602.126931 1321.065692 0.345233 0.224225 -0.171609 0.895035
1305031814.785428 -2531.774432 3563.870276 1291.473588 0.361123 0.223616 -0.168049 0.889576
1305031814.817655 -2505.941596 3574.224357 1290.655239 0.375499 0.226148 -0.168180 0.882935
1305031814.849469 -2450.044086 3544.595026 1273.090850 0.388127 0.228960 -0.170141 0.876348
1305031814.885483 -2444.059637 3542.941630 1243.090996 0.402698 0.233039 -0.168302 0.869023
1305031814.917497 -2521.635216 3584.307882 1198.352800 0.414817 0.237902 -0.166364 0.862353
1305031814.949453 -2521.635216 3584.307882 1198.352800 0.414817 0.237902 -0.166364 0.862353
1305031814.985407 -2535.764124 3582.409454 1175.932345 0.426215 0.238939 -0.165501 0.856655
1305031815.017453 -2546.708899 3594.755427 1154.851483 0.437050 0.240283 -0.163636 0.851161
1305031815.049420 -2578.534950 3611.325026 1141.972809 0.445300 0.241088 -0.161195 0.847113
1305031815.085286 -2597.711423 3609.061151 1119.182552 0.452477 0.238637 -0.159850 0.844254
1305031815.149413 -2635.955505 3618.593269 1083.844671 0.465540 0.232712 -0.159580 0.838840
1305031815.185441 -2648.240991 3617.966142 1070.904868 0.471681 0.229685 -0.159208 0.836310
1305031815.249490 -2649.575880 3610.413701 1048.585342 0.484874 0.225008 -0.164324 0.829015
1305031815.285447 -2656.203416 3600.220716 1029.304287 0.492549 0.223486 -0.166008 0.824555
1305031815.317708 -2696.218913 3603.897630 1013.598003 0.499370 0.226171 -0.169135 0.819066
1305031815.349477 -2689.604450 3598.804896 1007.183996 0.506924 0.228078 -0.172155 0.813247
1305031815.385427 -2703.955323 3601.382403 999.729551 0.516258 0.229239 -0.173513 0.806735
1305031815.417561 -2734.167707 3622.251169 993.217262 0.522816 0.229990 -0.173823 0.802218
1305031815.449601 -2762.230662 3629.492493 987.679619 0.526873 0.229702 -0.175676 0.799237
1305031815.485593 -2753.330109 3631.065647 983.493226 0.531733 0.228054 -0.178365 0.795888
1305031815.517598 -2736.714743 3637.582898 991.566672 0.536059 0.227932 -0.180765 0.792472
1305031815.549484 -2725.757251 3644.708433 981.743352 0.538970 0.227479 -0.182286 0.790276
1305031815.585442 -2733.919345 3661.753656 982.308937 0.541006 0.227868 -0.182692 0.788677
1305031815.617445 -2739.087826 3658.117946 977.756251 0.542431 0.227885 -0.182041 0.787844
1305031815.649511 -2691.841967 3660.005883 1033.524301 0.544951 0.228767 -0.182405 0.785762
1305031815.685482 -2691.709581 3661.748767 1028.126518 0.544158 0.229781 -0.180890 0.786366
1305031815.717591 -2693.755946 3667.203362 1039.549290 0.543393 0.230617 -0.178916 0.787101
1305031815.749417 -2694.582710 3672.466745 1045.489985 0.542691 0.231592 -0.178202 0.787461
1305031815.785408 -2689.589525 3667.521363 1061.371863 0.542414 0.232369 -0.176510 0.787804
1305031815.817442 -2674.600173 3662.536951 1079.704076 0.541806 0.232616 -0.175097 0.788465
30
1.273340
